,access_device,ages_ranges,audience,behavior,citizenship,genders,relationship_statuses,scholarities,timestamp,topic,location
7560,iOS,18-24,0,ALL,India,1.0,NOTSELECTED,Graduated,1489064001,diabetes awareness,West Bay
7561,iOS,25-44,60,ALL,India,1.0,NOTSELECTED,Graduated,1489064001,diabetes awareness,West Bay
7562,iOS,45+,60,ALL,India,1.0,NOTSELECTED,Graduated,1489064001,diabetes awareness,West Bay
7563,iOS,18-24,0,ALL,India,2.0,NOTSELECTED,Graduated,1489064001,diabetes awareness,West Bay
7564,iOS,25-44,0,ALL,India,2.0,NOTSELECTED,Graduated,1489064001,diabetes awareness,West Bay
7565,iOS,45+,0,ALL,India,2.0,NOTSELECTED,Graduated,1489064001,diabetes awareness,West Bay
7566,iOS,18-24,0,ALL,India,1.0,NOTSELECTED,No Degree,1489064001,diabetes awareness,West Bay
7567,iOS,25-44,0,ALL,India,1.0,NOTSELECTED,No Degree,1489064001,diabetes awareness,West Bay
7568,iOS,45+,0,ALL,India,1.0,NOTSELECTED,No Degree,1489064001,diabetes awareness,West Bay
7569,iOS,18-24,0,ALL,India,2.0,NOTSELECTED,No Degree,1489064001,diabetes awareness,West Bay
7570,iOS,25-44,0,ALL,India,2.0,NOTSELECTED,No Degree,1489064001,diabetes awareness,West Bay
7571,iOS,45+,0,ALL,India,2.0,NOTSELECTED,No Degree,1489064001,diabetes awareness,West Bay
7572,iOS,18-24,0,ALL,India,1.0,NOTSELECTED,High School,1489064001,diabetes awareness,West Bay
7573,iOS,25-44,0,ALL,India,1.0,NOTSELECTED,High School,1489064001,diabetes awareness,West Bay
7574,iOS,45+,0,ALL,India,1.0,NOTSELECTED,High School,1489064001,diabetes awareness,West Bay
7575,iOS,18-24,0,ALL,India,2.0,NOTSELECTED,High School,1489064001,diabetes awareness,West Bay
7576,iOS,25-44,0,ALL,India,2.0,NOTSELECTED,High School,1489064001,diabetes awareness,West Bay
7577,iOS,45+,0,ALL,India,2.0,NOTSELECTED,High School,1489064001,diabetes awareness,West Bay
7578,iOS,18-24,0,ALL,Bangladesh,1.0,NOTSELECTED,Graduated,1489064001,diabetes awareness,West Bay
7579,iOS,25-44,0,ALL,Bangladesh,1.0,NOTSELECTED,Graduated,1489064001,diabetes awareness,West Bay
7580,iOS,45+,0,ALL,Bangladesh,1.0,NOTSELECTED,Graduated,1489064001,diabetes awareness,West Bay
7581,iOS,18-24,0,ALL,Bangladesh,2.0,NOTSELECTED,Graduated,1489064001,diabetes awareness,West Bay
7582,iOS,25-44,0,ALL,Bangladesh,2.0,NOTSELECTED,Graduated,1489064001,diabetes awareness,West Bay
7583,iOS,45+,0,ALL,Bangladesh,2.0,NOTSELECTED,Graduated,1489064001,diabetes awareness,West Bay
7584,iOS,18-24,0,ALL,Bangladesh,1.0,NOTSELECTED,No Degree,1489064001,diabetes awareness,West Bay
7585,iOS,25-44,0,ALL,Bangladesh,1.0,NOTSELECTED,No Degree,1489064001,diabetes awareness,West Bay
7586,iOS,45+,0,ALL,Bangladesh,1.0,NOTSELECTED,No Degree,1489064001,diabetes awareness,West Bay
7587,iOS,18-24,0,ALL,Bangladesh,2.0,NOTSELECTED,No Degree,1489064001,diabetes awareness,West Bay
7588,iOS,25-44,0,ALL,Bangladesh,2.0,NOTSELECTED,No Degree,1489064001,diabetes awareness,West Bay
7589,iOS,45+,0,ALL,Bangladesh,2.0,NOTSELECTED,No Degree,1489064001,diabetes awareness,West Bay
7590,iOS,18-24,0,ALL,Bangladesh,1.0,NOTSELECTED,High School,1489064001,diabetes awareness,West Bay
7591,iOS,25-44,0,ALL,Bangladesh,1.0,NOTSELECTED,High School,1489064001,diabetes awareness,West Bay
7592,iOS,45+,0,ALL,Bangladesh,1.0,NOTSELECTED,High School,1489064001,diabetes awareness,West Bay
7593,iOS,18-24,0,ALL,Bangladesh,2.0,NOTSELECTED,High School,1489064001,diabetes awareness,West Bay
7594,iOS,25-44,0,ALL,Bangladesh,2.0,NOTSELECTED,High School,1489064001,diabetes awareness,West Bay
7595,iOS,45+,0,ALL,Bangladesh,2.0,NOTSELECTED,High School,1489064001,diabetes awareness,West Bay
7596,iOS,18-24,0,ALL,Nepal,1.0,NOTSELECTED,Graduated,1489064001,diabetes awareness,West Bay
7597,iOS,25-44,0,ALL,Nepal,1.0,NOTSELECTED,Graduated,1489064001,diabetes awareness,West Bay
7598,iOS,45+,0,ALL,Nepal,1.0,NOTSELECTED,Graduated,1489064001,diabetes awareness,West Bay
7599,iOS,18-24,0,ALL,Nepal,2.0,NOTSELECTED,Graduated,1489064001,diabetes awareness,West Bay
7600,iOS,25-44,0,ALL,Nepal,2.0,NOTSELECTED,Graduated,1489064001,diabetes awareness,West Bay
7601,iOS,45+,0,ALL,Nepal,2.0,NOTSELECTED,Graduated,1489064001,diabetes awareness,West Bay
7602,iOS,18-24,0,ALL,Nepal,1.0,NOTSELECTED,No Degree,1489064001,diabetes awareness,West Bay
7603,iOS,25-44,0,ALL,Nepal,1.0,NOTSELECTED,No Degree,1489064001,diabetes awareness,West Bay
7604,iOS,45+,0,ALL,Nepal,1.0,NOTSELECTED,No Degree,1489064001,diabetes awareness,West Bay
7605,iOS,18-24,0,ALL,Nepal,2.0,NOTSELECTED,No Degree,1489064001,diabetes awareness,West Bay
7606,iOS,25-44,0,ALL,Nepal,2.0,NOTSELECTED,No Degree,1489064001,diabetes awareness,West Bay
7607,iOS,45+,0,ALL,Nepal,2.0,NOTSELECTED,No Degree,1489064001,diabetes awareness,West Bay
7608,iOS,18-24,0,ALL,Nepal,1.0,NOTSELECTED,High School,1489064001,diabetes awareness,West Bay
7609,iOS,25-44,0,ALL,Nepal,1.0,NOTSELECTED,High School,1489064001,diabetes awareness,West Bay
7610,iOS,45+,0,ALL,Nepal,1.0,NOTSELECTED,High School,1489064001,diabetes awareness,West Bay
7611,iOS,18-24,0,ALL,Nepal,2.0,NOTSELECTED,High School,1489064001,diabetes awareness,West Bay
7612,iOS,25-44,0,ALL,Nepal,2.0,NOTSELECTED,High School,1489064001,diabetes awareness,West Bay
7613,iOS,45+,0,ALL,Nepal,2.0,NOTSELECTED,High School,1489064001,diabetes awareness,West Bay
7614,iOS,18-24,0,ALL,Philippines,1.0,NOTSELECTED,Graduated,1489064001,diabetes awareness,West Bay
7615,iOS,25-44,0,ALL,Philippines,1.0,NOTSELECTED,Graduated,1489064001,diabetes awareness,West Bay
7616,iOS,45+,0,ALL,Philippines,1.0,NOTSELECTED,Graduated,1489064001,diabetes awareness,West Bay
7617,iOS,18-24,0,ALL,Philippines,2.0,NOTSELECTED,Graduated,1489064001,diabetes awareness,West Bay
7618,iOS,25-44,180,ALL,Philippines,2.0,NOTSELECTED,Graduated,1489064001,diabetes awareness,West Bay
7619,iOS,45+,60,ALL,Philippines,2.0,NOTSELECTED,Graduated,1489064001,diabetes awareness,West Bay
7620,iOS,18-24,0,ALL,Philippines,1.0,NOTSELECTED,No Degree,1489064001,diabetes awareness,West Bay
7621,iOS,25-44,0,ALL,Philippines,1.0,NOTSELECTED,No Degree,1489064001,diabetes awareness,West Bay
7622,iOS,45+,0,ALL,Philippines,1.0,NOTSELECTED,No Degree,1489064001,diabetes awareness,West Bay
7623,iOS,18-24,0,ALL,Philippines,2.0,NOTSELECTED,No Degree,1489064001,diabetes awareness,West Bay
7624,iOS,25-44,0,ALL,Philippines,2.0,NOTSELECTED,No Degree,1489064001,diabetes awareness,West Bay
7625,iOS,45+,60,ALL,Philippines,2.0,NOTSELECTED,No Degree,1489064001,diabetes awareness,West Bay
7626,iOS,18-24,0,ALL,Philippines,1.0,NOTSELECTED,High School,1489064001,diabetes awareness,West Bay
7627,iOS,25-44,60,ALL,Philippines,1.0,NOTSELECTED,High School,1489064001,diabetes awareness,West Bay
7628,iOS,45+,0,ALL,Philippines,1.0,NOTSELECTED,High School,1489064001,diabetes awareness,West Bay
7629,iOS,18-24,0,ALL,Philippines,2.0,NOTSELECTED,High School,1489064001,diabetes awareness,West Bay
7630,iOS,25-44,0,ALL,Philippines,2.0,NOTSELECTED,High School,1489064001,diabetes awareness,West Bay
7631,iOS,45+,0,ALL,Philippines,2.0,NOTSELECTED,High School,1489064001,diabetes awareness,West Bay
7632,iOS,18-24,0,ALL,Western-US-CA-EU-AU-NZ,1.0,NOTSELECTED,Graduated,1489064001,diabetes awareness,West Bay
7633,iOS,25-44,0,ALL,Western-US-CA-EU-AU-NZ,1.0,NOTSELECTED,Graduated,1489064001,diabetes awareness,West Bay
7634,iOS,45+,0,ALL,Western-US-CA-EU-AU-NZ,1.0,NOTSELECTED,Graduated,1489064001,diabetes awareness,West Bay
7635,iOS,18-24,0,ALL,Western-US-CA-EU-AU-NZ,2.0,NOTSELECTED,Graduated,1489064001,diabetes awareness,West Bay
7636,iOS,25-44,0,ALL,Western-US-CA-EU-AU-NZ,2.0,NOTSELECTED,Graduated,1489064001,diabetes awareness,West Bay
7637,iOS,45+,60,ALL,Western-US-CA-EU-AU-NZ,2.0,NOTSELECTED,Graduated,1489064001,diabetes awareness,West Bay
7638,iOS,18-24,0,ALL,Western-US-CA-EU-AU-NZ,1.0,NOTSELECTED,No Degree,1489064001,diabetes awareness,West Bay
7639,iOS,25-44,0,ALL,Western-US-CA-EU-AU-NZ,1.0,NOTSELECTED,No Degree,1489064001,diabetes awareness,West Bay
7640,iOS,45+,0,ALL,Western-US-CA-EU-AU-NZ,1.0,NOTSELECTED,No Degree,1489064001,diabetes awareness,West Bay
7641,iOS,18-24,0,ALL,Western-US-CA-EU-AU-NZ,2.0,NOTSELECTED,No Degree,1489064001,diabetes awareness,West Bay
7642,iOS,25-44,0,ALL,Western-US-CA-EU-AU-NZ,2.0,NOTSELECTED,No Degree,1489064001,diabetes awareness,West Bay
7643,iOS,45+,0,ALL,Western-US-CA-EU-AU-NZ,2.0,NOTSELECTED,No Degree,1489064001,diabetes awareness,West Bay
7644,iOS,18-24,0,ALL,Western-US-CA-EU-AU-NZ,1.0,NOTSELECTED,High School,1489064001,diabetes awareness,West Bay
7645,iOS,25-44,0,ALL,Western-US-CA-EU-AU-NZ,1.0,NOTSELECTED,High School,1489064001,diabetes awareness,West Bay
7646,iOS,45+,0,ALL,Western-US-CA-EU-AU-NZ,1.0,NOTSELECTED,High School,1489064001,diabetes awareness,West Bay
7647,iOS,18-24,0,ALL,Western-US-CA-EU-AU-NZ,2.0,NOTSELECTED,High School,1489064001,diabetes awareness,West Bay
7648,iOS,25-44,0,ALL,Western-US-CA-EU-AU-NZ,2.0,NOTSELECTED,High School,1489064001,diabetes awareness,West Bay
7649,iOS,45+,60,ALL,Western-US-CA-EU-AU-NZ,2.0,NOTSELECTED,High School,1489064001,diabetes awareness,West Bay
7650,iOS,18-24,0,ALL,Not Expats,1.0,NOTSELECTED,Graduated,1489064001,diabetes awareness,West Bay
7651,iOS,25-44,60,ALL,Not Expats,1.0,NOTSELECTED,Graduated,1489064001,diabetes awareness,West Bay
7652,iOS,45+,0,ALL,Not Expats,1.0,NOTSELECTED,Graduated,1489064001,diabetes awareness,West Bay
7653,iOS,18-24,0,ALL,Not Expats,2.0,NOTSELECTED,Graduated,1489064001,diabetes awareness,West Bay
7654,iOS,25-44,0,ALL,Not Expats,2.0,NOTSELECTED,Graduated,1489064001,diabetes awareness,West Bay
7655,iOS,45+,0,ALL,Not Expats,2.0,NOTSELECTED,Graduated,1489064001,diabetes awareness,West Bay
7656,iOS,18-24,0,ALL,Not Expats,1.0,NOTSELECTED,No Degree,1489064001,diabetes awareness,West Bay
7657,iOS,25-44,0,ALL,Not Expats,1.0,NOTSELECTED,No Degree,1489064001,diabetes awareness,West Bay
7658,iOS,45+,0,ALL,Not Expats,1.0,NOTSELECTED,No Degree,1489064001,diabetes awareness,West Bay
7659,iOS,18-24,0,ALL,Not Expats,2.0,NOTSELECTED,No Degree,1489064001,diabetes awareness,West Bay
7660,iOS,25-44,0,ALL,Not Expats,2.0,NOTSELECTED,No Degree,1489064001,diabetes awareness,West Bay
7661,iOS,45+,0,ALL,Not Expats,2.0,NOTSELECTED,No Degree,1489064001,diabetes awareness,West Bay
7662,iOS,18-24,0,ALL,Not Expats,1.0,NOTSELECTED,High School,1489064001,diabetes awareness,West Bay
7663,iOS,25-44,0,ALL,Not Expats,1.0,NOTSELECTED,High School,1489064001,diabetes awareness,West Bay
7664,iOS,45+,0,ALL,Not Expats,1.0,NOTSELECTED,High School,1489064001,diabetes awareness,West Bay
7665,iOS,18-24,0,ALL,Not Expats,2.0,NOTSELECTED,High School,1489064001,diabetes awareness,West Bay
7666,iOS,25-44,0,ALL,Not Expats,2.0,NOTSELECTED,High School,1489064001,diabetes awareness,West Bay
7667,iOS,45+,0,ALL,Not Expats,2.0,NOTSELECTED,High School,1489064001,diabetes awareness,West Bay
7668,iOS,18-24,0,ALL,Others,1.0,NOTSELECTED,Graduated,1489064001,diabetes awareness,West Bay
7669,iOS,25-44,180,ALL,Others,1.0,NOTSELECTED,Graduated,1489064001,diabetes awareness,West Bay
7670,iOS,45+,60,ALL,Others,1.0,NOTSELECTED,Graduated,1489064001,diabetes awareness,West Bay
7671,iOS,18-24,0,ALL,Others,2.0,NOTSELECTED,Graduated,1489064001,diabetes awareness,West Bay
7672,iOS,25-44,120,ALL,Others,2.0,NOTSELECTED,Graduated,1489064001,diabetes awareness,West Bay
7673,iOS,45+,60,ALL,Others,2.0,NOTSELECTED,Graduated,1489064001,diabetes awareness,West Bay
7674,iOS,18-24,0,ALL,Others,1.0,NOTSELECTED,No Degree,1489064001,diabetes awareness,West Bay
7675,iOS,25-44,0,ALL,Others,1.0,NOTSELECTED,No Degree,1489064001,diabetes awareness,West Bay
7676,iOS,45+,0,ALL,Others,1.0,NOTSELECTED,No Degree,1489064001,diabetes awareness,West Bay
7677,iOS,18-24,0,ALL,Others,2.0,NOTSELECTED,No Degree,1489064001,diabetes awareness,West Bay
7678,iOS,25-44,0,ALL,Others,2.0,NOTSELECTED,No Degree,1489064001,diabetes awareness,West Bay
7679,iOS,45+,0,ALL,Others,2.0,NOTSELECTED,No Degree,1489064001,diabetes awareness,West Bay
7680,iOS,18-24,0,ALL,Others,1.0,NOTSELECTED,High School,1489064001,diabetes awareness,West Bay
7681,iOS,25-44,0,ALL,Others,1.0,NOTSELECTED,High School,1489064001,diabetes awareness,West Bay
7682,iOS,45+,60,ALL,Others,1.0,NOTSELECTED,High School,1489064001,diabetes awareness,West Bay
7683,iOS,18-24,0,ALL,Others,2.0,NOTSELECTED,High School,1489064001,diabetes awareness,West Bay
7684,iOS,25-44,0,ALL,Others,2.0,NOTSELECTED,High School,1489064001,diabetes awareness,West Bay
7685,iOS,45+,0,ALL,Others,2.0,NOTSELECTED,High School,1489064001,diabetes awareness,West Bay
7686,iOS,18-24,0,ALL,India,1.0,NOTSELECTED,Graduated,1489064001,diabetes awareness,Labor City
7687,iOS,25-44,0,ALL,India,1.0,NOTSELECTED,Graduated,1489064001,diabetes awareness,Labor City
7688,iOS,45+,0,ALL,India,1.0,NOTSELECTED,Graduated,1489064001,diabetes awareness,Labor City
7689,iOS,18-24,0,ALL,India,2.0,NOTSELECTED,Graduated,1489064001,diabetes awareness,Labor City
7690,iOS,25-44,0,ALL,India,2.0,NOTSELECTED,Graduated,1489064001,diabetes awareness,Labor City
7691,iOS,45+,0,ALL,India,2.0,NOTSELECTED,Graduated,1489064001,diabetes awareness,Labor City
7692,iOS,18-24,0,ALL,India,1.0,NOTSELECTED,No Degree,1489064001,diabetes awareness,Labor City
7693,iOS,25-44,0,ALL,India,1.0,NOTSELECTED,No Degree,1489064001,diabetes awareness,Labor City
7694,iOS,45+,0,ALL,India,1.0,NOTSELECTED,No Degree,1489064001,diabetes awareness,Labor City
7695,iOS,18-24,0,ALL,India,2.0,NOTSELECTED,No Degree,1489064001,diabetes awareness,Labor City
7696,iOS,25-44,0,ALL,India,2.0,NOTSELECTED,No Degree,1489064001,diabetes awareness,Labor City
7697,iOS,45+,0,ALL,India,2.0,NOTSELECTED,No Degree,1489064001,diabetes awareness,Labor City
7698,iOS,18-24,0,ALL,India,1.0,NOTSELECTED,High School,1489064001,diabetes awareness,Labor City
7699,iOS,25-44,0,ALL,India,1.0,NOTSELECTED,High School,1489064001,diabetes awareness,Labor City
7700,iOS,45+,0,ALL,India,1.0,NOTSELECTED,High School,1489064001,diabetes awareness,Labor City
7701,iOS,18-24,0,ALL,India,2.0,NOTSELECTED,High School,1489064001,diabetes awareness,Labor City
7702,iOS,25-44,0,ALL,India,2.0,NOTSELECTED,High School,1489064001,diabetes awareness,Labor City
7703,iOS,45+,0,ALL,India,2.0,NOTSELECTED,High School,1489064001,diabetes awareness,Labor City
7704,iOS,18-24,0,ALL,Bangladesh,1.0,NOTSELECTED,Graduated,1489064001,diabetes awareness,Labor City
7705,iOS,25-44,0,ALL,Bangladesh,1.0,NOTSELECTED,Graduated,1489064001,diabetes awareness,Labor City
7706,iOS,45+,0,ALL,Bangladesh,1.0,NOTSELECTED,Graduated,1489064001,diabetes awareness,Labor City
7707,iOS,18-24,0,ALL,Bangladesh,2.0,NOTSELECTED,Graduated,1489064001,diabetes awareness,Labor City
7708,iOS,25-44,0,ALL,Bangladesh,2.0,NOTSELECTED,Graduated,1489064001,diabetes awareness,Labor City
7709,iOS,45+,0,ALL,Bangladesh,2.0,NOTSELECTED,Graduated,1489064001,diabetes awareness,Labor City
7710,iOS,18-24,0,ALL,Bangladesh,1.0,NOTSELECTED,No Degree,1489064001,diabetes awareness,Labor City
7711,iOS,25-44,0,ALL,Bangladesh,1.0,NOTSELECTED,No Degree,1489064001,diabetes awareness,Labor City
7712,iOS,45+,0,ALL,Bangladesh,1.0,NOTSELECTED,No Degree,1489064001,diabetes awareness,Labor City
7713,iOS,18-24,0,ALL,Bangladesh,2.0,NOTSELECTED,No Degree,1489064001,diabetes awareness,Labor City
7714,iOS,25-44,0,ALL,Bangladesh,2.0,NOTSELECTED,No Degree,1489064001,diabetes awareness,Labor City
7715,iOS,45+,0,ALL,Bangladesh,2.0,NOTSELECTED,No Degree,1489064001,diabetes awareness,Labor City
7716,iOS,18-24,0,ALL,Bangladesh,1.0,NOTSELECTED,High School,1489064001,diabetes awareness,Labor City
7717,iOS,25-44,0,ALL,Bangladesh,1.0,NOTSELECTED,High School,1489064001,diabetes awareness,Labor City
7718,iOS,45+,0,ALL,Bangladesh,1.0,NOTSELECTED,High School,1489064001,diabetes awareness,Labor City
7719,iOS,18-24,0,ALL,Bangladesh,2.0,NOTSELECTED,High School,1489064001,diabetes awareness,Labor City
7720,iOS,25-44,0,ALL,Bangladesh,2.0,NOTSELECTED,High School,1489064001,diabetes awareness,Labor City
7721,iOS,45+,0,ALL,Bangladesh,2.0,NOTSELECTED,High School,1489064001,diabetes awareness,Labor City
7722,iOS,18-24,0,ALL,Nepal,1.0,NOTSELECTED,Graduated,1489064001,diabetes awareness,Labor City
7723,iOS,25-44,0,ALL,Nepal,1.0,NOTSELECTED,Graduated,1489064001,diabetes awareness,Labor City
7724,iOS,45+,0,ALL,Nepal,1.0,NOTSELECTED,Graduated,1489064001,diabetes awareness,Labor City
7725,iOS,18-24,0,ALL,Nepal,2.0,NOTSELECTED,Graduated,1489064001,diabetes awareness,Labor City
7726,iOS,25-44,0,ALL,Nepal,2.0,NOTSELECTED,Graduated,1489064001,diabetes awareness,Labor City
7727,iOS,45+,0,ALL,Nepal,2.0,NOTSELECTED,Graduated,1489064001,diabetes awareness,Labor City
7728,iOS,18-24,0,ALL,Nepal,1.0,NOTSELECTED,No Degree,1489064001,diabetes awareness,Labor City
7729,iOS,25-44,0,ALL,Nepal,1.0,NOTSELECTED,No Degree,1489064001,diabetes awareness,Labor City
7730,iOS,45+,0,ALL,Nepal,1.0,NOTSELECTED,No Degree,1489064001,diabetes awareness,Labor City
7731,iOS,18-24,0,ALL,Nepal,2.0,NOTSELECTED,No Degree,1489064001,diabetes awareness,Labor City
7732,iOS,25-44,0,ALL,Nepal,2.0,NOTSELECTED,No Degree,1489064001,diabetes awareness,Labor City
7733,iOS,45+,0,ALL,Nepal,2.0,NOTSELECTED,No Degree,1489064001,diabetes awareness,Labor City
7734,iOS,18-24,0,ALL,Nepal,1.0,NOTSELECTED,High School,1489064001,diabetes awareness,Labor City
7735,iOS,25-44,0,ALL,Nepal,1.0,NOTSELECTED,High School,1489064001,diabetes awareness,Labor City
7736,iOS,45+,0,ALL,Nepal,1.0,NOTSELECTED,High School,1489064001,diabetes awareness,Labor City
7737,iOS,18-24,0,ALL,Nepal,2.0,NOTSELECTED,High School,1489064001,diabetes awareness,Labor City
7738,iOS,25-44,0,ALL,Nepal,2.0,NOTSELECTED,High School,1489064001,diabetes awareness,Labor City
7739,iOS,45+,0,ALL,Nepal,2.0,NOTSELECTED,High School,1489064001,diabetes awareness,Labor City
7740,iOS,18-24,0,ALL,Philippines,1.0,NOTSELECTED,Graduated,1489064001,diabetes awareness,Labor City
7741,iOS,25-44,0,ALL,Philippines,1.0,NOTSELECTED,Graduated,1489064001,diabetes awareness,Labor City
7742,iOS,45+,0,ALL,Philippines,1.0,NOTSELECTED,Graduated,1489064001,diabetes awareness,Labor City
7743,iOS,18-24,0,ALL,Philippines,2.0,NOTSELECTED,Graduated,1489064001,diabetes awareness,Labor City
7744,iOS,25-44,0,ALL,Philippines,2.0,NOTSELECTED,Graduated,1489064001,diabetes awareness,Labor City
7745,iOS,45+,0,ALL,Philippines,2.0,NOTSELECTED,Graduated,1489064001,diabetes awareness,Labor City
7746,iOS,18-24,0,ALL,Philippines,1.0,NOTSELECTED,No Degree,1489064001,diabetes awareness,Labor City
7747,iOS,25-44,0,ALL,Philippines,1.0,NOTSELECTED,No Degree,1489064001,diabetes awareness,Labor City
7748,iOS,45+,0,ALL,Philippines,1.0,NOTSELECTED,No Degree,1489064001,diabetes awareness,Labor City
7749,iOS,18-24,0,ALL,Philippines,2.0,NOTSELECTED,No Degree,1489064001,diabetes awareness,Labor City
7750,iOS,25-44,0,ALL,Philippines,2.0,NOTSELECTED,No Degree,1489064001,diabetes awareness,Labor City
7751,iOS,45+,0,ALL,Philippines,2.0,NOTSELECTED,No Degree,1489064001,diabetes awareness,Labor City
7752,iOS,18-24,0,ALL,Philippines,1.0,NOTSELECTED,High School,1489064001,diabetes awareness,Labor City
7753,iOS,25-44,0,ALL,Philippines,1.0,NOTSELECTED,High School,1489064001,diabetes awareness,Labor City
7754,iOS,45+,0,ALL,Philippines,1.0,NOTSELECTED,High School,1489064001,diabetes awareness,Labor City
7755,iOS,18-24,0,ALL,Philippines,2.0,NOTSELECTED,High School,1489064001,diabetes awareness,Labor City
7756,iOS,25-44,0,ALL,Philippines,2.0,NOTSELECTED,High School,1489064001,diabetes awareness,Labor City
7757,iOS,45+,0,ALL,Philippines,2.0,NOTSELECTED,High School,1489064001,diabetes awareness,Labor City
7758,iOS,18-24,0,ALL,Western-US-CA-EU-AU-NZ,1.0,NOTSELECTED,Graduated,1489064001,diabetes awareness,Labor City
7759,iOS,25-44,0,ALL,Western-US-CA-EU-AU-NZ,1.0,NOTSELECTED,Graduated,1489064001,diabetes awareness,Labor City
7760,iOS,45+,0,ALL,Western-US-CA-EU-AU-NZ,1.0,NOTSELECTED,Graduated,1489064001,diabetes awareness,Labor City
7761,iOS,18-24,0,ALL,Western-US-CA-EU-AU-NZ,2.0,NOTSELECTED,Graduated,1489064001,diabetes awareness,Labor City
7762,iOS,25-44,0,ALL,Western-US-CA-EU-AU-NZ,2.0,NOTSELECTED,Graduated,1489064001,diabetes awareness,Labor City
7763,iOS,45+,0,ALL,Western-US-CA-EU-AU-NZ,2.0,NOTSELECTED,Graduated,1489064001,diabetes awareness,Labor City
7764,iOS,18-24,0,ALL,Western-US-CA-EU-AU-NZ,1.0,NOTSELECTED,No Degree,1489064001,diabetes awareness,Labor City
7765,iOS,25-44,0,ALL,Western-US-CA-EU-AU-NZ,1.0,NOTSELECTED,No Degree,1489064001,diabetes awareness,Labor City
7766,iOS,45+,0,ALL,Western-US-CA-EU-AU-NZ,1.0,NOTSELECTED,No Degree,1489064001,diabetes awareness,Labor City
7767,iOS,18-24,0,ALL,Western-US-CA-EU-AU-NZ,2.0,NOTSELECTED,No Degree,1489064001,diabetes awareness,Labor City
7768,iOS,25-44,0,ALL,Western-US-CA-EU-AU-NZ,2.0,NOTSELECTED,No Degree,1489064001,diabetes awareness,Labor City
7769,iOS,45+,0,ALL,Western-US-CA-EU-AU-NZ,2.0,NOTSELECTED,No Degree,1489064001,diabetes awareness,Labor City
7770,iOS,18-24,0,ALL,Western-US-CA-EU-AU-NZ,1.0,NOTSELECTED,High School,1489064001,diabetes awareness,Labor City
7771,iOS,25-44,0,ALL,Western-US-CA-EU-AU-NZ,1.0,NOTSELECTED,High School,1489064001,diabetes awareness,Labor City
7772,iOS,45+,0,ALL,Western-US-CA-EU-AU-NZ,1.0,NOTSELECTED,High School,1489064001,diabetes awareness,Labor City
7773,iOS,18-24,0,ALL,Western-US-CA-EU-AU-NZ,2.0,NOTSELECTED,High School,1489064001,diabetes awareness,Labor City
7774,iOS,25-44,0,ALL,Western-US-CA-EU-AU-NZ,2.0,NOTSELECTED,High School,1489064001,diabetes awareness,Labor City
7775,iOS,45+,0,ALL,Western-US-CA-EU-AU-NZ,2.0,NOTSELECTED,High School,1489064001,diabetes awareness,Labor City
7776,iOS,18-24,0,ALL,Not Expats,1.0,NOTSELECTED,Graduated,1489064001,diabetes awareness,Labor City
7777,iOS,25-44,0,ALL,Not Expats,1.0,NOTSELECTED,Graduated,1489064001,diabetes awareness,Labor City
7778,iOS,45+,0,ALL,Not Expats,1.0,NOTSELECTED,Graduated,1489064001,diabetes awareness,Labor City
7779,iOS,18-24,0,ALL,Not Expats,2.0,NOTSELECTED,Graduated,1489064001,diabetes awareness,Labor City
7780,iOS,25-44,0,ALL,Not Expats,2.0,NOTSELECTED,Graduated,1489064001,diabetes awareness,Labor City
7781,iOS,45+,0,ALL,Not Expats,2.0,NOTSELECTED,Graduated,1489064001,diabetes awareness,Labor City
7782,iOS,18-24,0,ALL,Not Expats,1.0,NOTSELECTED,No Degree,1489064001,diabetes awareness,Labor City
7783,iOS,25-44,0,ALL,Not Expats,1.0,NOTSELECTED,No Degree,1489064001,diabetes awareness,Labor City
7784,iOS,45+,0,ALL,Not Expats,1.0,NOTSELECTED,No Degree,1489064001,diabetes awareness,Labor City
7785,iOS,18-24,0,ALL,Not Expats,2.0,NOTSELECTED,No Degree,1489064001,diabetes awareness,Labor City
7786,iOS,25-44,0,ALL,Not Expats,2.0,NOTSELECTED,No Degree,1489064001,diabetes awareness,Labor City
7787,iOS,45+,0,ALL,Not Expats,2.0,NOTSELECTED,No Degree,1489064001,diabetes awareness,Labor City
7788,iOS,18-24,0,ALL,Not Expats,1.0,NOTSELECTED,High School,1489064001,diabetes awareness,Labor City
7789,iOS,25-44,0,ALL,Not Expats,1.0,NOTSELECTED,High School,1489064001,diabetes awareness,Labor City
7790,iOS,45+,0,ALL,Not Expats,1.0,NOTSELECTED,High School,1489064001,diabetes awareness,Labor City
7791,iOS,18-24,0,ALL,Not Expats,2.0,NOTSELECTED,High School,1489064001,diabetes awareness,Labor City
7792,iOS,25-44,0,ALL,Not Expats,2.0,NOTSELECTED,High School,1489064001,diabetes awareness,Labor City
7793,iOS,45+,0,ALL,Not Expats,2.0,NOTSELECTED,High School,1489064001,diabetes awareness,Labor City
7794,iOS,18-24,0,ALL,Others,1.0,NOTSELECTED,Graduated,1489064001,diabetes awareness,Labor City
7795,iOS,25-44,0,ALL,Others,1.0,NOTSELECTED,Graduated,1489064001,diabetes awareness,Labor City
7796,iOS,45+,0,ALL,Others,1.0,NOTSELECTED,Graduated,1489064001,diabetes awareness,Labor City
7797,iOS,18-24,0,ALL,Others,2.0,NOTSELECTED,Graduated,1489064001,diabetes awareness,Labor City
7798,iOS,25-44,0,ALL,Others,2.0,NOTSELECTED,Graduated,1489064001,diabetes awareness,Labor City
7799,iOS,45+,0,ALL,Others,2.0,NOTSELECTED,Graduated,1489064001,diabetes awareness,Labor City
7800,iOS,18-24,0,ALL,Others,1.0,NOTSELECTED,No Degree,1489064001,diabetes awareness,Labor City
7801,iOS,25-44,0,ALL,Others,1.0,NOTSELECTED,No Degree,1489064001,diabetes awareness,Labor City
7802,iOS,45+,0,ALL,Others,1.0,NOTSELECTED,No Degree,1489064001,diabetes awareness,Labor City
7803,iOS,18-24,0,ALL,Others,2.0,NOTSELECTED,No Degree,1489064001,diabetes awareness,Labor City
7804,iOS,25-44,0,ALL,Others,2.0,NOTSELECTED,No Degree,1489064001,diabetes awareness,Labor City
7805,iOS,45+,0,ALL,Others,2.0,NOTSELECTED,No Degree,1489064001,diabetes awareness,Labor City
7806,iOS,18-24,0,ALL,Others,1.0,NOTSELECTED,High School,1489064001,diabetes awareness,Labor City
7807,iOS,25-44,0,ALL,Others,1.0,NOTSELECTED,High School,1489064001,diabetes awareness,Labor City
7808,iOS,45+,0,ALL,Others,1.0,NOTSELECTED,High School,1489064001,diabetes awareness,Labor City
7809,iOS,18-24,0,ALL,Others,2.0,NOTSELECTED,High School,1489064001,diabetes awareness,Labor City
7810,iOS,25-44,0,ALL,Others,2.0,NOTSELECTED,High School,1489064001,diabetes awareness,Labor City
7811,iOS,45+,0,ALL,Others,2.0,NOTSELECTED,High School,1489064001,diabetes awareness,Labor City
7812,iOS,18-24,0,ALL,India,1.0,NOTSELECTED,Graduated,1489064001,diabetes awareness,Educational City
7813,iOS,25-44,0,ALL,India,1.0,NOTSELECTED,Graduated,1489064001,diabetes awareness,Educational City
7814,iOS,45+,0,ALL,India,1.0,NOTSELECTED,Graduated,1489064001,diabetes awareness,Educational City
7815,iOS,18-24,0,ALL,India,2.0,NOTSELECTED,Graduated,1489064001,diabetes awareness,Educational City
7816,iOS,25-44,0,ALL,India,2.0,NOTSELECTED,Graduated,1489064001,diabetes awareness,Educational City
7817,iOS,45+,0,ALL,India,2.0,NOTSELECTED,Graduated,1489064001,diabetes awareness,Educational City
7818,iOS,18-24,0,ALL,India,1.0,NOTSELECTED,No Degree,1489064001,diabetes awareness,Educational City
7819,iOS,25-44,0,ALL,India,1.0,NOTSELECTED,No Degree,1489064001,diabetes awareness,Educational City
7820,iOS,45+,0,ALL,India,1.0,NOTSELECTED,No Degree,1489064001,diabetes awareness,Educational City
7821,iOS,18-24,0,ALL,India,2.0,NOTSELECTED,No Degree,1489064001,diabetes awareness,Educational City
7822,iOS,25-44,0,ALL,India,2.0,NOTSELECTED,No Degree,1489064001,diabetes awareness,Educational City
7823,iOS,45+,0,ALL,India,2.0,NOTSELECTED,No Degree,1489064001,diabetes awareness,Educational City
7824,iOS,18-24,0,ALL,India,1.0,NOTSELECTED,High School,1489064001,diabetes awareness,Educational City
7825,iOS,25-44,0,ALL,India,1.0,NOTSELECTED,High School,1489064001,diabetes awareness,Educational City
7826,iOS,45+,0,ALL,India,1.0,NOTSELECTED,High School,1489064001,diabetes awareness,Educational City
7827,iOS,18-24,0,ALL,India,2.0,NOTSELECTED,High School,1489064001,diabetes awareness,Educational City
7828,iOS,25-44,0,ALL,India,2.0,NOTSELECTED,High School,1489064001,diabetes awareness,Educational City
7829,iOS,45+,0,ALL,India,2.0,NOTSELECTED,High School,1489064001,diabetes awareness,Educational City
7830,iOS,18-24,0,ALL,Bangladesh,1.0,NOTSELECTED,Graduated,1489064001,diabetes awareness,Educational City
7831,iOS,25-44,30,ALL,Bangladesh,1.0,NOTSELECTED,Graduated,1489064001,diabetes awareness,Educational City
7832,iOS,45+,0,ALL,Bangladesh,1.0,NOTSELECTED,Graduated,1489064001,diabetes awareness,Educational City
7833,iOS,18-24,0,ALL,Bangladesh,2.0,NOTSELECTED,Graduated,1489064001,diabetes awareness,Educational City
7834,iOS,25-44,0,ALL,Bangladesh,2.0,NOTSELECTED,Graduated,1489064001,diabetes awareness,Educational City
7835,iOS,45+,0,ALL,Bangladesh,2.0,NOTSELECTED,Graduated,1489064001,diabetes awareness,Educational City
7836,iOS,18-24,0,ALL,Bangladesh,1.0,NOTSELECTED,No Degree,1489064001,diabetes awareness,Educational City
7837,iOS,25-44,0,ALL,Bangladesh,1.0,NOTSELECTED,No Degree,1489064001,diabetes awareness,Educational City
7838,iOS,45+,0,ALL,Bangladesh,1.0,NOTSELECTED,No Degree,1489064001,diabetes awareness,Educational City
7839,iOS,18-24,0,ALL,Bangladesh,2.0,NOTSELECTED,No Degree,1489064001,diabetes awareness,Educational City
7840,iOS,25-44,0,ALL,Bangladesh,2.0,NOTSELECTED,No Degree,1489064001,diabetes awareness,Educational City
7841,iOS,45+,0,ALL,Bangladesh,2.0,NOTSELECTED,No Degree,1489064001,diabetes awareness,Educational City
7842,iOS,18-24,0,ALL,Bangladesh,1.0,NOTSELECTED,High School,1489064001,diabetes awareness,Educational City
7843,iOS,25-44,0,ALL,Bangladesh,1.0,NOTSELECTED,High School,1489064001,diabetes awareness,Educational City
7844,iOS,45+,0,ALL,Bangladesh,1.0,NOTSELECTED,High School,1489064001,diabetes awareness,Educational City
7845,iOS,18-24,0,ALL,Bangladesh,2.0,NOTSELECTED,High School,1489064001,diabetes awareness,Educational City
7846,iOS,25-44,0,ALL,Bangladesh,2.0,NOTSELECTED,High School,1489064001,diabetes awareness,Educational City
7847,iOS,45+,0,ALL,Bangladesh,2.0,NOTSELECTED,High School,1489064001,diabetes awareness,Educational City
7848,iOS,18-24,0,ALL,Nepal,1.0,NOTSELECTED,Graduated,1489064001,diabetes awareness,Educational City
7849,iOS,25-44,0,ALL,Nepal,1.0,NOTSELECTED,Graduated,1489064001,diabetes awareness,Educational City
7850,iOS,45+,0,ALL,Nepal,1.0,NOTSELECTED,Graduated,1489064001,diabetes awareness,Educational City
7851,iOS,18-24,0,ALL,Nepal,2.0,NOTSELECTED,Graduated,1489064001,diabetes awareness,Educational City
7852,iOS,25-44,0,ALL,Nepal,2.0,NOTSELECTED,Graduated,1489064001,diabetes awareness,Educational City
7853,iOS,45+,0,ALL,Nepal,2.0,NOTSELECTED,Graduated,1489064001,diabetes awareness,Educational City
7854,iOS,18-24,0,ALL,Nepal,1.0,NOTSELECTED,No Degree,1489064001,diabetes awareness,Educational City
7855,iOS,25-44,0,ALL,Nepal,1.0,NOTSELECTED,No Degree,1489064001,diabetes awareness,Educational City
7856,iOS,45+,0,ALL,Nepal,1.0,NOTSELECTED,No Degree,1489064001,diabetes awareness,Educational City
7857,iOS,18-24,0,ALL,Nepal,2.0,NOTSELECTED,No Degree,1489064001,diabetes awareness,Educational City
7858,iOS,25-44,0,ALL,Nepal,2.0,NOTSELECTED,No Degree,1489064001,diabetes awareness,Educational City
7859,iOS,45+,0,ALL,Nepal,2.0,NOTSELECTED,No Degree,1489064001,diabetes awareness,Educational City
7860,iOS,18-24,0,ALL,Nepal,1.0,NOTSELECTED,High School,1489064001,diabetes awareness,Educational City
7861,iOS,25-44,0,ALL,Nepal,1.0,NOTSELECTED,High School,1489064001,diabetes awareness,Educational City
7862,iOS,45+,0,ALL,Nepal,1.0,NOTSELECTED,High School,1489064001,diabetes awareness,Educational City
7863,iOS,18-24,0,ALL,Nepal,2.0,NOTSELECTED,High School,1489064001,diabetes awareness,Educational City
7864,iOS,25-44,0,ALL,Nepal,2.0,NOTSELECTED,High School,1489064001,diabetes awareness,Educational City
7865,iOS,45+,0,ALL,Nepal,2.0,NOTSELECTED,High School,1489064001,diabetes awareness,Educational City
7866,iOS,18-24,0,ALL,Philippines,1.0,NOTSELECTED,Graduated,1489064001,diabetes awareness,Educational City
7867,iOS,25-44,30,ALL,Philippines,1.0,NOTSELECTED,Graduated,1489064001,diabetes awareness,Educational City
7868,iOS,45+,0,ALL,Philippines,1.0,NOTSELECTED,Graduated,1489064001,diabetes awareness,Educational City
7869,iOS,18-24,0,ALL,Philippines,2.0,NOTSELECTED,Graduated,1489064001,diabetes awareness,Educational City
7870,iOS,25-44,0,ALL,Philippines,2.0,NOTSELECTED,Graduated,1489064001,diabetes awareness,Educational City
7871,iOS,45+,30,ALL,Philippines,2.0,NOTSELECTED,Graduated,1489064001,diabetes awareness,Educational City
7872,iOS,18-24,0,ALL,Philippines,1.0,NOTSELECTED,No Degree,1489064001,diabetes awareness,Educational City
7873,iOS,25-44,0,ALL,Philippines,1.0,NOTSELECTED,No Degree,1489064001,diabetes awareness,Educational City
7874,iOS,45+,0,ALL,Philippines,1.0,NOTSELECTED,No Degree,1489064001,diabetes awareness,Educational City
7875,iOS,18-24,0,ALL,Philippines,2.0,NOTSELECTED,No Degree,1489064001,diabetes awareness,Educational City
7876,iOS,25-44,0,ALL,Philippines,2.0,NOTSELECTED,No Degree,1489064001,diabetes awareness,Educational City
7877,iOS,45+,0,ALL,Philippines,2.0,NOTSELECTED,No Degree,1489064001,diabetes awareness,Educational City
7878,iOS,18-24,0,ALL,Philippines,1.0,NOTSELECTED,High School,1489064001,diabetes awareness,Educational City
7879,iOS,25-44,30,ALL,Philippines,1.0,NOTSELECTED,High School,1489064001,diabetes awareness,Educational City
7880,iOS,45+,0,ALL,Philippines,1.0,NOTSELECTED,High School,1489064001,diabetes awareness,Educational City
7881,iOS,18-24,0,ALL,Philippines,2.0,NOTSELECTED,High School,1489064001,diabetes awareness,Educational City
7882,iOS,25-44,0,ALL,Philippines,2.0,NOTSELECTED,High School,1489064001,diabetes awareness,Educational City
7883,iOS,45+,0,ALL,Philippines,2.0,NOTSELECTED,High School,1489064001,diabetes awareness,Educational City
7884,iOS,18-24,0,ALL,Western-US-CA-EU-AU-NZ,1.0,NOTSELECTED,Graduated,1489064001,diabetes awareness,Educational City
7885,iOS,25-44,0,ALL,Western-US-CA-EU-AU-NZ,1.0,NOTSELECTED,Graduated,1489064001,diabetes awareness,Educational City
7886,iOS,45+,0,ALL,Western-US-CA-EU-AU-NZ,1.0,NOTSELECTED,Graduated,1489064001,diabetes awareness,Educational City
7887,iOS,18-24,0,ALL,Western-US-CA-EU-AU-NZ,2.0,NOTSELECTED,Graduated,1489064001,diabetes awareness,Educational City
7888,iOS,25-44,0,ALL,Western-US-CA-EU-AU-NZ,2.0,NOTSELECTED,Graduated,1489064001,diabetes awareness,Educational City
7889,iOS,45+,60,ALL,Western-US-CA-EU-AU-NZ,2.0,NOTSELECTED,Graduated,1489064001,diabetes awareness,Educational City
7890,iOS,18-24,0,ALL,Western-US-CA-EU-AU-NZ,1.0,NOTSELECTED,No Degree,1489064001,diabetes awareness,Educational City
7891,iOS,25-44,0,ALL,Western-US-CA-EU-AU-NZ,1.0,NOTSELECTED,No Degree,1489064001,diabetes awareness,Educational City
7892,iOS,45+,0,ALL,Western-US-CA-EU-AU-NZ,1.0,NOTSELECTED,No Degree,1489064001,diabetes awareness,Educational City
7893,iOS,18-24,0,ALL,Western-US-CA-EU-AU-NZ,2.0,NOTSELECTED,No Degree,1489064001,diabetes awareness,Educational City
7894,iOS,25-44,0,ALL,Western-US-CA-EU-AU-NZ,2.0,NOTSELECTED,No Degree,1489064001,diabetes awareness,Educational City
7895,iOS,45+,0,ALL,Western-US-CA-EU-AU-NZ,2.0,NOTSELECTED,No Degree,1489064001,diabetes awareness,Educational City
7896,iOS,18-24,0,ALL,Western-US-CA-EU-AU-NZ,1.0,NOTSELECTED,High School,1489064001,diabetes awareness,Educational City
7897,iOS,25-44,0,ALL,Western-US-CA-EU-AU-NZ,1.0,NOTSELECTED,High School,1489064001,diabetes awareness,Educational City
7898,iOS,45+,0,ALL,Western-US-CA-EU-AU-NZ,1.0,NOTSELECTED,High School,1489064001,diabetes awareness,Educational City
7899,iOS,18-24,0,ALL,Western-US-CA-EU-AU-NZ,2.0,NOTSELECTED,High School,1489064001,diabetes awareness,Educational City
7900,iOS,25-44,0,ALL,Western-US-CA-EU-AU-NZ,2.0,NOTSELECTED,High School,1489064001,diabetes awareness,Educational City
7901,iOS,45+,0,ALL,Western-US-CA-EU-AU-NZ,2.0,NOTSELECTED,High School,1489064001,diabetes awareness,Educational City
7902,iOS,18-24,0,ALL,Not Expats,1.0,NOTSELECTED,Graduated,1489064001,diabetes awareness,Educational City
7903,iOS,25-44,0,ALL,Not Expats,1.0,NOTSELECTED,Graduated,1489064001,diabetes awareness,Educational City
7904,iOS,45+,0,ALL,Not Expats,1.0,NOTSELECTED,Graduated,1489064001,diabetes awareness,Educational City
7905,iOS,18-24,0,ALL,Not Expats,2.0,NOTSELECTED,Graduated,1489064001,diabetes awareness,Educational City
7906,iOS,25-44,0,ALL,Not Expats,2.0,NOTSELECTED,Graduated,1489064001,diabetes awareness,Educational City
7907,iOS,45+,0,ALL,Not Expats,2.0,NOTSELECTED,Graduated,1489064001,diabetes awareness,Educational City
7908,iOS,18-24,0,ALL,Not Expats,1.0,NOTSELECTED,No Degree,1489064001,diabetes awareness,Educational City
7909,iOS,25-44,30,ALL,Not Expats,1.0,NOTSELECTED,No Degree,1489064001,diabetes awareness,Educational City
7910,iOS,45+,0,ALL,Not Expats,1.0,NOTSELECTED,No Degree,1489064001,diabetes awareness,Educational City
7911,iOS,18-24,0,ALL,Not Expats,2.0,NOTSELECTED,No Degree,1489064001,diabetes awareness,Educational City
7912,iOS,25-44,0,ALL,Not Expats,2.0,NOTSELECTED,No Degree,1489064001,diabetes awareness,Educational City
7913,iOS,45+,0,ALL,Not Expats,2.0,NOTSELECTED,No Degree,1489064001,diabetes awareness,Educational City
7914,iOS,18-24,0,ALL,Not Expats,1.0,NOTSELECTED,High School,1489064001,diabetes awareness,Educational City
7915,iOS,25-44,0,ALL,Not Expats,1.0,NOTSELECTED,High School,1489064001,diabetes awareness,Educational City
7916,iOS,45+,0,ALL,Not Expats,1.0,NOTSELECTED,High School,1489064001,diabetes awareness,Educational City
7917,iOS,18-24,0,ALL,Not Expats,2.0,NOTSELECTED,High School,1489064001,diabetes awareness,Educational City
7918,iOS,25-44,0,ALL,Not Expats,2.0,NOTSELECTED,High School,1489064001,diabetes awareness,Educational City
7919,iOS,45+,0,ALL,Not Expats,2.0,NOTSELECTED,High School,1489064001,diabetes awareness,Educational City
7920,iOS,18-24,0,ALL,Others,1.0,NOTSELECTED,Graduated,1489064001,diabetes awareness,Educational City
7921,iOS,25-44,0,ALL,Others,1.0,NOTSELECTED,Graduated,1489064001,diabetes awareness,Educational City
7922,iOS,45+,0,ALL,Others,1.0,NOTSELECTED,Graduated,1489064001,diabetes awareness,Educational City
7923,iOS,18-24,0,ALL,Others,2.0,NOTSELECTED,Graduated,1489064001,diabetes awareness,Educational City
7924,iOS,25-44,30,ALL,Others,2.0,NOTSELECTED,Graduated,1489064001,diabetes awareness,Educational City
7925,iOS,45+,30,ALL,Others,2.0,NOTSELECTED,Graduated,1489064001,diabetes awareness,Educational City
7926,iOS,18-24,0,ALL,Others,1.0,NOTSELECTED,No Degree,1489064001,diabetes awareness,Educational City
7927,iOS,25-44,60,ALL,Others,1.0,NOTSELECTED,No Degree,1489064001,diabetes awareness,Educational City
7928,iOS,45+,30,ALL,Others,1.0,NOTSELECTED,No Degree,1489064001,diabetes awareness,Educational City
7929,iOS,18-24,0,ALL,Others,2.0,NOTSELECTED,No Degree,1489064001,diabetes awareness,Educational City
7930,iOS,25-44,0,ALL,Others,2.0,NOTSELECTED,No Degree,1489064001,diabetes awareness,Educational City
7931,iOS,45+,0,ALL,Others,2.0,NOTSELECTED,No Degree,1489064001,diabetes awareness,Educational City
7932,iOS,18-24,0,ALL,Others,1.0,NOTSELECTED,High School,1489064001,diabetes awareness,Educational City
7933,iOS,25-44,0,ALL,Others,1.0,NOTSELECTED,High School,1489064001,diabetes awareness,Educational City
7934,iOS,45+,0,ALL,Others,1.0,NOTSELECTED,High School,1489064001,diabetes awareness,Educational City
7935,iOS,18-24,0,ALL,Others,2.0,NOTSELECTED,High School,1489064001,diabetes awareness,Educational City
7936,iOS,25-44,0,ALL,Others,2.0,NOTSELECTED,High School,1489064001,diabetes awareness,Educational City
7937,iOS,45+,0,ALL,Others,2.0,NOTSELECTED,High School,1489064001,diabetes awareness,Educational City
7938,iOS,18-24,0,ALL,India,1.0,NOTSELECTED,Graduated,1489064001,diabetes awareness,Perl
7939,iOS,25-44,0,ALL,India,1.0,NOTSELECTED,Graduated,1489064001,diabetes awareness,Perl
7940,iOS,45+,0,ALL,India,1.0,NOTSELECTED,Graduated,1489064001,diabetes awareness,Perl
7941,iOS,18-24,0,ALL,India,2.0,NOTSELECTED,Graduated,1489064001,diabetes awareness,Perl
7942,iOS,25-44,0,ALL,India,2.0,NOTSELECTED,Graduated,1489064001,diabetes awareness,Perl
7943,iOS,45+,0,ALL,India,2.0,NOTSELECTED,Graduated,1489064001,diabetes awareness,Perl
7944,iOS,18-24,0,ALL,India,1.0,NOTSELECTED,No Degree,1489064001,diabetes awareness,Perl
7945,iOS,25-44,0,ALL,India,1.0,NOTSELECTED,No Degree,1489064001,diabetes awareness,Perl
7946,iOS,45+,0,ALL,India,1.0,NOTSELECTED,No Degree,1489064001,diabetes awareness,Perl
7947,iOS,18-24,0,ALL,India,2.0,NOTSELECTED,No Degree,1489064001,diabetes awareness,Perl
7948,iOS,25-44,0,ALL,India,2.0,NOTSELECTED,No Degree,1489064001,diabetes awareness,Perl
7949,iOS,45+,0,ALL,India,2.0,NOTSELECTED,No Degree,1489064001,diabetes awareness,Perl
7950,iOS,18-24,0,ALL,India,1.0,NOTSELECTED,High School,1489064001,diabetes awareness,Perl
7951,iOS,25-44,0,ALL,India,1.0,NOTSELECTED,High School,1489064001,diabetes awareness,Perl
7952,iOS,45+,0,ALL,India,1.0,NOTSELECTED,High School,1489064001,diabetes awareness,Perl
7953,iOS,18-24,0,ALL,India,2.0,NOTSELECTED,High School,1489064001,diabetes awareness,Perl
7954,iOS,25-44,0,ALL,India,2.0,NOTSELECTED,High School,1489064001,diabetes awareness,Perl
7955,iOS,45+,0,ALL,India,2.0,NOTSELECTED,High School,1489064001,diabetes awareness,Perl
7956,iOS,18-24,0,ALL,Bangladesh,1.0,NOTSELECTED,Graduated,1489064001,diabetes awareness,Perl
7957,iOS,25-44,0,ALL,Bangladesh,1.0,NOTSELECTED,Graduated,1489064001,diabetes awareness,Perl
7958,iOS,45+,0,ALL,Bangladesh,1.0,NOTSELECTED,Graduated,1489064001,diabetes awareness,Perl
7959,iOS,18-24,0,ALL,Bangladesh,2.0,NOTSELECTED,Graduated,1489064001,diabetes awareness,Perl
7960,iOS,25-44,0,ALL,Bangladesh,2.0,NOTSELECTED,Graduated,1489064001,diabetes awareness,Perl
7961,iOS,45+,0,ALL,Bangladesh,2.0,NOTSELECTED,Graduated,1489064001,diabetes awareness,Perl
7962,iOS,18-24,0,ALL,Bangladesh,1.0,NOTSELECTED,No Degree,1489064001,diabetes awareness,Perl
7963,iOS,25-44,0,ALL,Bangladesh,1.0,NOTSELECTED,No Degree,1489064001,diabetes awareness,Perl
7964,iOS,45+,0,ALL,Bangladesh,1.0,NOTSELECTED,No Degree,1489064001,diabetes awareness,Perl
7965,iOS,18-24,0,ALL,Bangladesh,2.0,NOTSELECTED,No Degree,1489064001,diabetes awareness,Perl
7966,iOS,25-44,0,ALL,Bangladesh,2.0,NOTSELECTED,No Degree,1489064001,diabetes awareness,Perl
7967,iOS,45+,0,ALL,Bangladesh,2.0,NOTSELECTED,No Degree,1489064001,diabetes awareness,Perl
7968,iOS,18-24,0,ALL,Bangladesh,1.0,NOTSELECTED,High School,1489064001,diabetes awareness,Perl
7969,iOS,25-44,0,ALL,Bangladesh,1.0,NOTSELECTED,High School,1489064001,diabetes awareness,Perl
7970,iOS,45+,0,ALL,Bangladesh,1.0,NOTSELECTED,High School,1489064001,diabetes awareness,Perl
7971,iOS,18-24,0,ALL,Bangladesh,2.0,NOTSELECTED,High School,1489064001,diabetes awareness,Perl
7972,iOS,25-44,0,ALL,Bangladesh,2.0,NOTSELECTED,High School,1489064001,diabetes awareness,Perl
7973,iOS,45+,0,ALL,Bangladesh,2.0,NOTSELECTED,High School,1489064001,diabetes awareness,Perl
7974,iOS,18-24,0,ALL,Nepal,1.0,NOTSELECTED,Graduated,1489064001,diabetes awareness,Perl
7975,iOS,25-44,0,ALL,Nepal,1.0,NOTSELECTED,Graduated,1489064001,diabetes awareness,Perl
7976,iOS,45+,0,ALL,Nepal,1.0,NOTSELECTED,Graduated,1489064001,diabetes awareness,Perl
7977,iOS,18-24,0,ALL,Nepal,2.0,NOTSELECTED,Graduated,1489064001,diabetes awareness,Perl
7978,iOS,25-44,0,ALL,Nepal,2.0,NOTSELECTED,Graduated,1489064001,diabetes awareness,Perl
7979,iOS,45+,0,ALL,Nepal,2.0,NOTSELECTED,Graduated,1489064001,diabetes awareness,Perl
7980,iOS,18-24,0,ALL,Nepal,1.0,NOTSELECTED,No Degree,1489064001,diabetes awareness,Perl
7981,iOS,25-44,0,ALL,Nepal,1.0,NOTSELECTED,No Degree,1489064001,diabetes awareness,Perl
7982,iOS,45+,0,ALL,Nepal,1.0,NOTSELECTED,No Degree,1489064001,diabetes awareness,Perl
7983,iOS,18-24,0,ALL,Nepal,2.0,NOTSELECTED,No Degree,1489064001,diabetes awareness,Perl
7984,iOS,25-44,0,ALL,Nepal,2.0,NOTSELECTED,No Degree,1489064001,diabetes awareness,Perl
7985,iOS,45+,0,ALL,Nepal,2.0,NOTSELECTED,No Degree,1489064001,diabetes awareness,Perl
7986,iOS,18-24,0,ALL,Nepal,1.0,NOTSELECTED,High School,1489064001,diabetes awareness,Perl
7987,iOS,25-44,0,ALL,Nepal,1.0,NOTSELECTED,High School,1489064001,diabetes awareness,Perl
7988,iOS,45+,0,ALL,Nepal,1.0,NOTSELECTED,High School,1489064001,diabetes awareness,Perl
7989,iOS,18-24,0,ALL,Nepal,2.0,NOTSELECTED,High School,1489064001,diabetes awareness,Perl
7990,iOS,25-44,0,ALL,Nepal,2.0,NOTSELECTED,High School,1489064001,diabetes awareness,Perl
7991,iOS,45+,0,ALL,Nepal,2.0,NOTSELECTED,High School,1489064001,diabetes awareness,Perl
7992,iOS,18-24,0,ALL,Philippines,1.0,NOTSELECTED,Graduated,1489064001,diabetes awareness,Perl
7993,iOS,25-44,0,ALL,Philippines,1.0,NOTSELECTED,Graduated,1489064001,diabetes awareness,Perl
7994,iOS,45+,40,ALL,Philippines,1.0,NOTSELECTED,Graduated,1489064001,diabetes awareness,Perl
7995,iOS,18-24,0,ALL,Philippines,2.0,NOTSELECTED,Graduated,1489064001,diabetes awareness,Perl
7996,iOS,25-44,0,ALL,Philippines,2.0,NOTSELECTED,Graduated,1489064001,diabetes awareness,Perl
7997,iOS,45+,40,ALL,Philippines,2.0,NOTSELECTED,Graduated,1489064001,diabetes awareness,Perl
7998,iOS,18-24,0,ALL,Philippines,1.0,NOTSELECTED,No Degree,1489064001,diabetes awareness,Perl
7999,iOS,25-44,0,ALL,Philippines,1.0,NOTSELECTED,No Degree,1489064001,diabetes awareness,Perl
8000,iOS,45+,0,ALL,Philippines,1.0,NOTSELECTED,No Degree,1489064001,diabetes awareness,Perl
8001,iOS,18-24,0,ALL,Philippines,2.0,NOTSELECTED,No Degree,1489064001,diabetes awareness,Perl
8002,iOS,25-44,0,ALL,Philippines,2.0,NOTSELECTED,No Degree,1489064001,diabetes awareness,Perl
8003,iOS,45+,0,ALL,Philippines,2.0,NOTSELECTED,No Degree,1489064001,diabetes awareness,Perl
8004,iOS,18-24,0,ALL,Philippines,1.0,NOTSELECTED,High School,1489064001,diabetes awareness,Perl
8005,iOS,25-44,0,ALL,Philippines,1.0,NOTSELECTED,High School,1489064001,diabetes awareness,Perl
8006,iOS,45+,0,ALL,Philippines,1.0,NOTSELECTED,High School,1489064001,diabetes awareness,Perl
8007,iOS,18-24,0,ALL,Philippines,2.0,NOTSELECTED,High School,1489064001,diabetes awareness,Perl
8008,iOS,25-44,40,ALL,Philippines,2.0,NOTSELECTED,High School,1489064001,diabetes awareness,Perl
8009,iOS,45+,0,ALL,Philippines,2.0,NOTSELECTED,High School,1489064001,diabetes awareness,Perl
8010,iOS,18-24,0,ALL,Western-US-CA-EU-AU-NZ,1.0,NOTSELECTED,Graduated,1489064001,diabetes awareness,Perl
8011,iOS,25-44,0,ALL,Western-US-CA-EU-AU-NZ,1.0,NOTSELECTED,Graduated,1489064001,diabetes awareness,Perl
8012,iOS,45+,0,ALL,Western-US-CA-EU-AU-NZ,1.0,NOTSELECTED,Graduated,1489064001,diabetes awareness,Perl
8013,iOS,18-24,0,ALL,Western-US-CA-EU-AU-NZ,2.0,NOTSELECTED,Graduated,1489064001,diabetes awareness,Perl
8014,iOS,25-44,90,ALL,Western-US-CA-EU-AU-NZ,2.0,NOTSELECTED,Graduated,1489064001,diabetes awareness,Perl
8015,iOS,45+,40,ALL,Western-US-CA-EU-AU-NZ,2.0,NOTSELECTED,Graduated,1489064001,diabetes awareness,Perl
8016,iOS,18-24,0,ALL,Western-US-CA-EU-AU-NZ,1.0,NOTSELECTED,No Degree,1489064001,diabetes awareness,Perl
8017,iOS,25-44,0,ALL,Western-US-CA-EU-AU-NZ,1.0,NOTSELECTED,No Degree,1489064001,diabetes awareness,Perl
8018,iOS,45+,0,ALL,Western-US-CA-EU-AU-NZ,1.0,NOTSELECTED,No Degree,1489064001,diabetes awareness,Perl
8019,iOS,18-24,0,ALL,Western-US-CA-EU-AU-NZ,2.0,NOTSELECTED,No Degree,1489064001,diabetes awareness,Perl
8020,iOS,25-44,0,ALL,Western-US-CA-EU-AU-NZ,2.0,NOTSELECTED,No Degree,1489064001,diabetes awareness,Perl
8021,iOS,45+,0,ALL,Western-US-CA-EU-AU-NZ,2.0,NOTSELECTED,No Degree,1489064001,diabetes awareness,Perl
8022,iOS,18-24,0,ALL,Western-US-CA-EU-AU-NZ,1.0,NOTSELECTED,High School,1489064001,diabetes awareness,Perl
8023,iOS,25-44,0,ALL,Western-US-CA-EU-AU-NZ,1.0,NOTSELECTED,High School,1489064001,diabetes awareness,Perl
8024,iOS,45+,0,ALL,Western-US-CA-EU-AU-NZ,1.0,NOTSELECTED,High School,1489064001,diabetes awareness,Perl
8025,iOS,18-24,0,ALL,Western-US-CA-EU-AU-NZ,2.0,NOTSELECTED,High School,1489064001,diabetes awareness,Perl
8026,iOS,25-44,0,ALL,Western-US-CA-EU-AU-NZ,2.0,NOTSELECTED,High School,1489064001,diabetes awareness,Perl
8027,iOS,45+,0,ALL,Western-US-CA-EU-AU-NZ,2.0,NOTSELECTED,High School,1489064001,diabetes awareness,Perl
8028,iOS,18-24,0,ALL,Not Expats,1.0,NOTSELECTED,Graduated,1489064001,diabetes awareness,Perl
8029,iOS,25-44,0,ALL,Not Expats,1.0,NOTSELECTED,Graduated,1489064001,diabetes awareness,Perl
8030,iOS,45+,0,ALL,Not Expats,1.0,NOTSELECTED,Graduated,1489064001,diabetes awareness,Perl
8031,iOS,18-24,0,ALL,Not Expats,2.0,NOTSELECTED,Graduated,1489064001,diabetes awareness,Perl
8032,iOS,25-44,40,ALL,Not Expats,2.0,NOTSELECTED,Graduated,1489064001,diabetes awareness,Perl
8033,iOS,45+,40,ALL,Not Expats,2.0,NOTSELECTED,Graduated,1489064001,diabetes awareness,Perl
8034,iOS,18-24,0,ALL,Not Expats,1.0,NOTSELECTED,No Degree,1489064001,diabetes awareness,Perl
8035,iOS,25-44,0,ALL,Not Expats,1.0,NOTSELECTED,No Degree,1489064001,diabetes awareness,Perl
8036,iOS,45+,0,ALL,Not Expats,1.0,NOTSELECTED,No Degree,1489064001,diabetes awareness,Perl
8037,iOS,18-24,0,ALL,Not Expats,2.0,NOTSELECTED,No Degree,1489064001,diabetes awareness,Perl
8038,iOS,25-44,0,ALL,Not Expats,2.0,NOTSELECTED,No Degree,1489064001,diabetes awareness,Perl
8039,iOS,45+,0,ALL,Not Expats,2.0,NOTSELECTED,No Degree,1489064001,diabetes awareness,Perl
8040,iOS,18-24,0,ALL,Not Expats,1.0,NOTSELECTED,High School,1489064001,diabetes awareness,Perl
8041,iOS,25-44,0,ALL,Not Expats,1.0,NOTSELECTED,High School,1489064001,diabetes awareness,Perl
8042,iOS,45+,0,ALL,Not Expats,1.0,NOTSELECTED,High School,1489064001,diabetes awareness,Perl
8043,iOS,18-24,0,ALL,Not Expats,2.0,NOTSELECTED,High School,1489064001,diabetes awareness,Perl
8044,iOS,25-44,0,ALL,Not Expats,2.0,NOTSELECTED,High School,1489064001,diabetes awareness,Perl
8045,iOS,45+,0,ALL,Not Expats,2.0,NOTSELECTED,High School,1489064001,diabetes awareness,Perl
8046,iOS,18-24,0,ALL,Others,1.0,NOTSELECTED,Graduated,1489064001,diabetes awareness,Perl
8047,iOS,25-44,40,ALL,Others,1.0,NOTSELECTED,Graduated,1489064001,diabetes awareness,Perl
8048,iOS,45+,0,ALL,Others,1.0,NOTSELECTED,Graduated,1489064001,diabetes awareness,Perl
8049,iOS,18-24,0,ALL,Others,2.0,NOTSELECTED,Graduated,1489064001,diabetes awareness,Perl
8050,iOS,25-44,90,ALL,Others,2.0,NOTSELECTED,Graduated,1489064001,diabetes awareness,Perl
8051,iOS,45+,40,ALL,Others,2.0,NOTSELECTED,Graduated,1489064001,diabetes awareness,Perl
8052,iOS,18-24,0,ALL,Others,1.0,NOTSELECTED,No Degree,1489064001,diabetes awareness,Perl
8053,iOS,25-44,0,ALL,Others,1.0,NOTSELECTED,No Degree,1489064001,diabetes awareness,Perl
8054,iOS,45+,0,ALL,Others,1.0,NOTSELECTED,No Degree,1489064001,diabetes awareness,Perl
8055,iOS,18-24,0,ALL,Others,2.0,NOTSELECTED,No Degree,1489064001,diabetes awareness,Perl
8056,iOS,25-44,40,ALL,Others,2.0,NOTSELECTED,No Degree,1489064001,diabetes awareness,Perl
8057,iOS,45+,0,ALL,Others,2.0,NOTSELECTED,No Degree,1489064001,diabetes awareness,Perl
8058,iOS,18-24,0,ALL,Others,1.0,NOTSELECTED,High School,1489064001,diabetes awareness,Perl
8059,iOS,25-44,0,ALL,Others,1.0,NOTSELECTED,High School,1489064001,diabetes awareness,Perl
8060,iOS,45+,0,ALL,Others,1.0,NOTSELECTED,High School,1489064001,diabetes awareness,Perl
8061,iOS,18-24,0,ALL,Others,2.0,NOTSELECTED,High School,1489064001,diabetes awareness,Perl
8062,iOS,25-44,0,ALL,Others,2.0,NOTSELECTED,High School,1489064001,diabetes awareness,Perl
8063,iOS,45+,40,ALL,Others,2.0,NOTSELECTED,High School,1489064001,diabetes awareness,Perl
8064,Android,18-24,0,ALL,India,1.0,NOTSELECTED,Graduated,1489064001,diabetes awareness,West Bay
8065,Android,25-44,0,ALL,India,1.0,NOTSELECTED,Graduated,1489064001,diabetes awareness,West Bay
8066,Android,45+,60,ALL,India,1.0,NOTSELECTED,Graduated,1489064001,diabetes awareness,West Bay
8067,Android,18-24,0,ALL,India,2.0,NOTSELECTED,Graduated,1489064001,diabetes awareness,West Bay
8068,Android,25-44,120,ALL,India,2.0,NOTSELECTED,Graduated,1489064001,diabetes awareness,West Bay
8069,Android,45+,0,ALL,India,2.0,NOTSELECTED,Graduated,1489064001,diabetes awareness,West Bay
8070,Android,18-24,0,ALL,India,1.0,NOTSELECTED,No Degree,1489064001,diabetes awareness,West Bay
8071,Android,25-44,60,ALL,India,1.0,NOTSELECTED,No Degree,1489064001,diabetes awareness,West Bay
8072,Android,45+,0,ALL,India,1.0,NOTSELECTED,No Degree,1489064001,diabetes awareness,West Bay
8073,Android,18-24,0,ALL,India,2.0,NOTSELECTED,No Degree,1489064001,diabetes awareness,West Bay
8074,Android,25-44,0,ALL,India,2.0,NOTSELECTED,No Degree,1489064001,diabetes awareness,West Bay
8075,Android,45+,0,ALL,India,2.0,NOTSELECTED,No Degree,1489064001,diabetes awareness,West Bay
8076,Android,18-24,0,ALL,India,1.0,NOTSELECTED,High School,1489064001,diabetes awareness,West Bay
8077,Android,25-44,0,ALL,India,1.0,NOTSELECTED,High School,1489064001,diabetes awareness,West Bay
8078,Android,45+,0,ALL,India,1.0,NOTSELECTED,High School,1489064001,diabetes awareness,West Bay
8079,Android,18-24,0,ALL,India,2.0,NOTSELECTED,High School,1489064001,diabetes awareness,West Bay
8080,Android,25-44,0,ALL,India,2.0,NOTSELECTED,High School,1489064001,diabetes awareness,West Bay
8081,Android,45+,0,ALL,India,2.0,NOTSELECTED,High School,1489064001,diabetes awareness,West Bay
8082,Android,18-24,0,ALL,Bangladesh,1.0,NOTSELECTED,Graduated,1489064001,diabetes awareness,West Bay
8083,Android,25-44,0,ALL,Bangladesh,1.0,NOTSELECTED,Graduated,1489064001,diabetes awareness,West Bay
8084,Android,45+,0,ALL,Bangladesh,1.0,NOTSELECTED,Graduated,1489064001,diabetes awareness,West Bay
8085,Android,18-24,0,ALL,Bangladesh,2.0,NOTSELECTED,Graduated,1489064001,diabetes awareness,West Bay
8086,Android,25-44,0,ALL,Bangladesh,2.0,NOTSELECTED,Graduated,1489064001,diabetes awareness,West Bay
8087,Android,45+,0,ALL,Bangladesh,2.0,NOTSELECTED,Graduated,1489064001,diabetes awareness,West Bay
8088,Android,18-24,0,ALL,Bangladesh,1.0,NOTSELECTED,No Degree,1489064001,diabetes awareness,West Bay
8089,Android,25-44,0,ALL,Bangladesh,1.0,NOTSELECTED,No Degree,1489064001,diabetes awareness,West Bay
8090,Android,45+,0,ALL,Bangladesh,1.0,NOTSELECTED,No Degree,1489064001,diabetes awareness,West Bay
8091,Android,18-24,0,ALL,Bangladesh,2.0,NOTSELECTED,No Degree,1489064001,diabetes awareness,West Bay
8092,Android,25-44,0,ALL,Bangladesh,2.0,NOTSELECTED,No Degree,1489064001,diabetes awareness,West Bay
8093,Android,45+,0,ALL,Bangladesh,2.0,NOTSELECTED,No Degree,1489064001,diabetes awareness,West Bay
8094,Android,18-24,0,ALL,Bangladesh,1.0,NOTSELECTED,High School,1489064001,diabetes awareness,West Bay
8095,Android,25-44,0,ALL,Bangladesh,1.0,NOTSELECTED,High School,1489064001,diabetes awareness,West Bay
8096,Android,45+,0,ALL,Bangladesh,1.0,NOTSELECTED,High School,1489064001,diabetes awareness,West Bay
8097,Android,18-24,0,ALL,Bangladesh,2.0,NOTSELECTED,High School,1489064001,diabetes awareness,West Bay
8098,Android,25-44,0,ALL,Bangladesh,2.0,NOTSELECTED,High School,1489064001,diabetes awareness,West Bay
8099,Android,45+,0,ALL,Bangladesh,2.0,NOTSELECTED,High School,1489064001,diabetes awareness,West Bay
8100,Android,18-24,60,ALL,Nepal,1.0,NOTSELECTED,Graduated,1489064001,diabetes awareness,West Bay
8101,Android,25-44,120,ALL,Nepal,1.0,NOTSELECTED,Graduated,1489064001,diabetes awareness,West Bay
8102,Android,45+,0,ALL,Nepal,1.0,NOTSELECTED,Graduated,1489064001,diabetes awareness,West Bay
8103,Android,18-24,0,ALL,Nepal,2.0,NOTSELECTED,Graduated,1489064001,diabetes awareness,West Bay
8104,Android,25-44,0,ALL,Nepal,2.0,NOTSELECTED,Graduated,1489064001,diabetes awareness,West Bay
8105,Android,45+,0,ALL,Nepal,2.0,NOTSELECTED,Graduated,1489064001,diabetes awareness,West Bay
8106,Android,18-24,0,ALL,Nepal,1.0,NOTSELECTED,No Degree,1489064001,diabetes awareness,West Bay
8107,Android,25-44,0,ALL,Nepal,1.0,NOTSELECTED,No Degree,1489064001,diabetes awareness,West Bay
8108,Android,45+,0,ALL,Nepal,1.0,NOTSELECTED,No Degree,1489064001,diabetes awareness,West Bay
8109,Android,18-24,0,ALL,Nepal,2.0,NOTSELECTED,No Degree,1489064001,diabetes awareness,West Bay
8110,Android,25-44,0,ALL,Nepal,2.0,NOTSELECTED,No Degree,1489064001,diabetes awareness,West Bay
8111,Android,45+,0,ALL,Nepal,2.0,NOTSELECTED,No Degree,1489064001,diabetes awareness,West Bay
8112,Android,18-24,60,ALL,Nepal,1.0,NOTSELECTED,High School,1489064001,diabetes awareness,West Bay
8113,Android,25-44,0,ALL,Nepal,1.0,NOTSELECTED,High School,1489064001,diabetes awareness,West Bay
8114,Android,45+,0,ALL,Nepal,1.0,NOTSELECTED,High School,1489064001,diabetes awareness,West Bay
8115,Android,18-24,0,ALL,Nepal,2.0,NOTSELECTED,High School,1489064001,diabetes awareness,West Bay
8116,Android,25-44,0,ALL,Nepal,2.0,NOTSELECTED,High School,1489064001,diabetes awareness,West Bay
8117,Android,45+,0,ALL,Nepal,2.0,NOTSELECTED,High School,1489064001,diabetes awareness,West Bay
8118,Android,18-24,0,ALL,Philippines,1.0,NOTSELECTED,Graduated,1489064001,diabetes awareness,West Bay
8119,Android,25-44,240,ALL,Philippines,1.0,NOTSELECTED,Graduated,1489064001,diabetes awareness,West Bay
8120,Android,45+,0,ALL,Philippines,1.0,NOTSELECTED,Graduated,1489064001,diabetes awareness,West Bay
8121,Android,18-24,0,ALL,Philippines,2.0,NOTSELECTED,Graduated,1489064001,diabetes awareness,West Bay
8122,Android,25-44,240,ALL,Philippines,2.0,NOTSELECTED,Graduated,1489064001,diabetes awareness,West Bay
8123,Android,45+,120,ALL,Philippines,2.0,NOTSELECTED,Graduated,1489064001,diabetes awareness,West Bay
8124,Android,18-24,0,ALL,Philippines,1.0,NOTSELECTED,No Degree,1489064001,diabetes awareness,West Bay
8125,Android,25-44,0,ALL,Philippines,1.0,NOTSELECTED,No Degree,1489064001,diabetes awareness,West Bay
8126,Android,45+,0,ALL,Philippines,1.0,NOTSELECTED,No Degree,1489064001,diabetes awareness,West Bay
8127,Android,18-24,0,ALL,Philippines,2.0,NOTSELECTED,No Degree,1489064001,diabetes awareness,West Bay
8128,Android,25-44,0,ALL,Philippines,2.0,NOTSELECTED,No Degree,1489064001,diabetes awareness,West Bay
8129,Android,45+,0,ALL,Philippines,2.0,NOTSELECTED,No Degree,1489064001,diabetes awareness,West Bay
8130,Android,18-24,0,ALL,Philippines,1.0,NOTSELECTED,High School,1489064001,diabetes awareness,West Bay
8131,Android,25-44,60,ALL,Philippines,1.0,NOTSELECTED,High School,1489064001,diabetes awareness,West Bay
8132,Android,45+,0,ALL,Philippines,1.0,NOTSELECTED,High School,1489064001,diabetes awareness,West Bay
8133,Android,18-24,0,ALL,Philippines,2.0,NOTSELECTED,High School,1489064001,diabetes awareness,West Bay
8134,Android,25-44,60,ALL,Philippines,2.0,NOTSELECTED,High School,1489064001,diabetes awareness,West Bay
8135,Android,45+,0,ALL,Philippines,2.0,NOTSELECTED,High School,1489064001,diabetes awareness,West Bay
8136,Android,18-24,0,ALL,Western-US-CA-EU-AU-NZ,1.0,NOTSELECTED,Graduated,1489064001,diabetes awareness,West Bay
8137,Android,25-44,0,ALL,Western-US-CA-EU-AU-NZ,1.0,NOTSELECTED,Graduated,1489064001,diabetes awareness,West Bay
8138,Android,45+,0,ALL,Western-US-CA-EU-AU-NZ,1.0,NOTSELECTED,Graduated,1489064001,diabetes awareness,West Bay
8139,Android,18-24,0,ALL,Western-US-CA-EU-AU-NZ,2.0,NOTSELECTED,Graduated,1489064001,diabetes awareness,West Bay
8140,Android,25-44,0,ALL,Western-US-CA-EU-AU-NZ,2.0,NOTSELECTED,Graduated,1489064001,diabetes awareness,West Bay
8141,Android,45+,0,ALL,Western-US-CA-EU-AU-NZ,2.0,NOTSELECTED,Graduated,1489064001,diabetes awareness,West Bay
8142,Android,18-24,0,ALL,Western-US-CA-EU-AU-NZ,1.0,NOTSELECTED,No Degree,1489064001,diabetes awareness,West Bay
8143,Android,25-44,0,ALL,Western-US-CA-EU-AU-NZ,1.0,NOTSELECTED,No Degree,1489064001,diabetes awareness,West Bay
8144,Android,45+,0,ALL,Western-US-CA-EU-AU-NZ,1.0,NOTSELECTED,No Degree,1489064001,diabetes awareness,West Bay
8145,Android,18-24,0,ALL,Western-US-CA-EU-AU-NZ,2.0,NOTSELECTED,No Degree,1489064001,diabetes awareness,West Bay
8146,Android,25-44,0,ALL,Western-US-CA-EU-AU-NZ,2.0,NOTSELECTED,No Degree,1489064001,diabetes awareness,West Bay
8147,Android,45+,0,ALL,Western-US-CA-EU-AU-NZ,2.0,NOTSELECTED,No Degree,1489064001,diabetes awareness,West Bay
8148,Android,18-24,0,ALL,Western-US-CA-EU-AU-NZ,1.0,NOTSELECTED,High School,1489064001,diabetes awareness,West Bay
8149,Android,25-44,0,ALL,Western-US-CA-EU-AU-NZ,1.0,NOTSELECTED,High School,1489064001,diabetes awareness,West Bay
8150,Android,45+,0,ALL,Western-US-CA-EU-AU-NZ,1.0,NOTSELECTED,High School,1489064001,diabetes awareness,West Bay
8151,Android,18-24,0,ALL,Western-US-CA-EU-AU-NZ,2.0,NOTSELECTED,High School,1489064001,diabetes awareness,West Bay
8152,Android,25-44,0,ALL,Western-US-CA-EU-AU-NZ,2.0,NOTSELECTED,High School,1489064001,diabetes awareness,West Bay
8153,Android,45+,0,ALL,Western-US-CA-EU-AU-NZ,2.0,NOTSELECTED,High School,1489064001,diabetes awareness,West Bay
8154,Android,18-24,0,ALL,Not Expats,1.0,NOTSELECTED,Graduated,1489064001,diabetes awareness,West Bay
8155,Android,25-44,0,ALL,Not Expats,1.0,NOTSELECTED,Graduated,1489064001,diabetes awareness,West Bay
8156,Android,45+,0,ALL,Not Expats,1.0,NOTSELECTED,Graduated,1489064001,diabetes awareness,West Bay
8157,Android,18-24,0,ALL,Not Expats,2.0,NOTSELECTED,Graduated,1489064001,diabetes awareness,West Bay
8158,Android,25-44,0,ALL,Not Expats,2.0,NOTSELECTED,Graduated,1489064001,diabetes awareness,West Bay
8159,Android,45+,0,ALL,Not Expats,2.0,NOTSELECTED,Graduated,1489064001,diabetes awareness,West Bay
8160,Android,18-24,0,ALL,Not Expats,1.0,NOTSELECTED,No Degree,1489064001,diabetes awareness,West Bay
8161,Android,25-44,0,ALL,Not Expats,1.0,NOTSELECTED,No Degree,1489064001,diabetes awareness,West Bay
8162,Android,45+,0,ALL,Not Expats,1.0,NOTSELECTED,No Degree,1489064001,diabetes awareness,West Bay
8163,Android,18-24,0,ALL,Not Expats,2.0,NOTSELECTED,No Degree,1489064001,diabetes awareness,West Bay
8164,Android,25-44,0,ALL,Not Expats,2.0,NOTSELECTED,No Degree,1489064001,diabetes awareness,West Bay
8165,Android,45+,0,ALL,Not Expats,2.0,NOTSELECTED,No Degree,1489064001,diabetes awareness,West Bay
8166,Android,18-24,0,ALL,Not Expats,1.0,NOTSELECTED,High School,1489064001,diabetes awareness,West Bay
8167,Android,25-44,0,ALL,Not Expats,1.0,NOTSELECTED,High School,1489064001,diabetes awareness,West Bay
8168,Android,45+,0,ALL,Not Expats,1.0,NOTSELECTED,High School,1489064001,diabetes awareness,West Bay
8169,Android,18-24,0,ALL,Not Expats,2.0,NOTSELECTED,High School,1489064001,diabetes awareness,West Bay
8170,Android,25-44,0,ALL,Not Expats,2.0,NOTSELECTED,High School,1489064001,diabetes awareness,West Bay
8171,Android,45+,0,ALL,Not Expats,2.0,NOTSELECTED,High School,1489064001,diabetes awareness,West Bay
8172,Android,18-24,0,ALL,Others,1.0,NOTSELECTED,Graduated,1489064001,diabetes awareness,West Bay
8173,Android,25-44,240,ALL,Others,1.0,NOTSELECTED,Graduated,1489064001,diabetes awareness,West Bay
8174,Android,45+,60,ALL,Others,1.0,NOTSELECTED,Graduated,1489064001,diabetes awareness,West Bay
8175,Android,18-24,0,ALL,Others,2.0,NOTSELECTED,Graduated,1489064001,diabetes awareness,West Bay
8176,Android,25-44,60,ALL,Others,2.0,NOTSELECTED,Graduated,1489064001,diabetes awareness,West Bay
8177,Android,45+,0,ALL,Others,2.0,NOTSELECTED,Graduated,1489064001,diabetes awareness,West Bay
8178,Android,18-24,0,ALL,Others,1.0,NOTSELECTED,No Degree,1489064001,diabetes awareness,West Bay
8179,Android,25-44,120,ALL,Others,1.0,NOTSELECTED,No Degree,1489064001,diabetes awareness,West Bay
8180,Android,45+,0,ALL,Others,1.0,NOTSELECTED,No Degree,1489064001,diabetes awareness,West Bay
8181,Android,18-24,0,ALL,Others,2.0,NOTSELECTED,No Degree,1489064001,diabetes awareness,West Bay
8182,Android,25-44,0,ALL,Others,2.0,NOTSELECTED,No Degree,1489064001,diabetes awareness,West Bay
8183,Android,45+,0,ALL,Others,2.0,NOTSELECTED,No Degree,1489064001,diabetes awareness,West Bay
8184,Android,18-24,0,ALL,Others,1.0,NOTSELECTED,High School,1489064001,diabetes awareness,West Bay
8185,Android,25-44,0,ALL,Others,1.0,NOTSELECTED,High School,1489064001,diabetes awareness,West Bay
8186,Android,45+,60,ALL,Others,1.0,NOTSELECTED,High School,1489064001,diabetes awareness,West Bay
8187,Android,18-24,0,ALL,Others,2.0,NOTSELECTED,High School,1489064001,diabetes awareness,West Bay
8188,Android,25-44,0,ALL,Others,2.0,NOTSELECTED,High School,1489064001,diabetes awareness,West Bay
8189,Android,45+,0,ALL,Others,2.0,NOTSELECTED,High School,1489064001,diabetes awareness,West Bay
8190,Android,18-24,0,ALL,India,1.0,NOTSELECTED,Graduated,1489064001,diabetes awareness,Labor City
8191,Android,25-44,40,ALL,India,1.0,NOTSELECTED,Graduated,1489064001,diabetes awareness,Labor City
8192,Android,45+,0,ALL,India,1.0,NOTSELECTED,Graduated,1489064001,diabetes awareness,Labor City
8193,Android,18-24,0,ALL,India,2.0,NOTSELECTED,Graduated,1489064001,diabetes awareness,Labor City
8194,Android,25-44,0,ALL,India,2.0,NOTSELECTED,Graduated,1489064001,diabetes awareness,Labor City
8195,Android,45+,0,ALL,India,2.0,NOTSELECTED,Graduated,1489064001,diabetes awareness,Labor City
8196,Android,18-24,0,ALL,India,1.0,NOTSELECTED,No Degree,1489064001,diabetes awareness,Labor City
8197,Android,25-44,0,ALL,India,1.0,NOTSELECTED,No Degree,1489064001,diabetes awareness,Labor City
8198,Android,45+,0,ALL,India,1.0,NOTSELECTED,No Degree,1489064001,diabetes awareness,Labor City
8199,Android,18-24,0,ALL,India,2.0,NOTSELECTED,No Degree,1489064001,diabetes awareness,Labor City
8200,Android,25-44,0,ALL,India,2.0,NOTSELECTED,No Degree,1489064001,diabetes awareness,Labor City
8201,Android,45+,0,ALL,India,2.0,NOTSELECTED,No Degree,1489064001,diabetes awareness,Labor City
8202,Android,18-24,0,ALL,India,1.0,NOTSELECTED,High School,1489064001,diabetes awareness,Labor City
8203,Android,25-44,40,ALL,India,1.0,NOTSELECTED,High School,1489064001,diabetes awareness,Labor City
8204,Android,45+,0,ALL,India,1.0,NOTSELECTED,High School,1489064001,diabetes awareness,Labor City
8205,Android,18-24,0,ALL,India,2.0,NOTSELECTED,High School,1489064001,diabetes awareness,Labor City
8206,Android,25-44,0,ALL,India,2.0,NOTSELECTED,High School,1489064001,diabetes awareness,Labor City
8207,Android,45+,0,ALL,India,2.0,NOTSELECTED,High School,1489064001,diabetes awareness,Labor City
8208,Android,18-24,0,ALL,Bangladesh,1.0,NOTSELECTED,Graduated,1489064001,diabetes awareness,Labor City
8209,Android,25-44,40,ALL,Bangladesh,1.0,NOTSELECTED,Graduated,1489064001,diabetes awareness,Labor City
8210,Android,45+,0,ALL,Bangladesh,1.0,NOTSELECTED,Graduated,1489064001,diabetes awareness,Labor City
8211,Android,18-24,0,ALL,Bangladesh,2.0,NOTSELECTED,Graduated,1489064001,diabetes awareness,Labor City
8212,Android,25-44,0,ALL,Bangladesh,2.0,NOTSELECTED,Graduated,1489064001,diabetes awareness,Labor City
8213,Android,45+,0,ALL,Bangladesh,2.0,NOTSELECTED,Graduated,1489064001,diabetes awareness,Labor City
8214,Android,18-24,0,ALL,Bangladesh,1.0,NOTSELECTED,No Degree,1489064001,diabetes awareness,Labor City
8215,Android,25-44,0,ALL,Bangladesh,1.0,NOTSELECTED,No Degree,1489064001,diabetes awareness,Labor City
8216,Android,45+,0,ALL,Bangladesh,1.0,NOTSELECTED,No Degree,1489064001,diabetes awareness,Labor City
8217,Android,18-24,0,ALL,Bangladesh,2.0,NOTSELECTED,No Degree,1489064001,diabetes awareness,Labor City
8218,Android,25-44,0,ALL,Bangladesh,2.0,NOTSELECTED,No Degree,1489064001,diabetes awareness,Labor City
8219,Android,45+,0,ALL,Bangladesh,2.0,NOTSELECTED,No Degree,1489064001,diabetes awareness,Labor City
8220,Android,18-24,0,ALL,Bangladesh,1.0,NOTSELECTED,High School,1489064001,diabetes awareness,Labor City
8221,Android,25-44,0,ALL,Bangladesh,1.0,NOTSELECTED,High School,1489064001,diabetes awareness,Labor City
8222,Android,45+,0,ALL,Bangladesh,1.0,NOTSELECTED,High School,1489064001,diabetes awareness,Labor City
8223,Android,18-24,0,ALL,Bangladesh,2.0,NOTSELECTED,High School,1489064001,diabetes awareness,Labor City
8224,Android,25-44,0,ALL,Bangladesh,2.0,NOTSELECTED,High School,1489064001,diabetes awareness,Labor City
8225,Android,45+,0,ALL,Bangladesh,2.0,NOTSELECTED,High School,1489064001,diabetes awareness,Labor City
8226,Android,18-24,100,ALL,Nepal,1.0,NOTSELECTED,Graduated,1489064001,diabetes awareness,Labor City
8227,Android,25-44,0,ALL,Nepal,1.0,NOTSELECTED,Graduated,1489064001,diabetes awareness,Labor City
8228,Android,45+,0,ALL,Nepal,1.0,NOTSELECTED,Graduated,1489064001,diabetes awareness,Labor City
8229,Android,18-24,0,ALL,Nepal,2.0,NOTSELECTED,Graduated,1489064001,diabetes awareness,Labor City
8230,Android,25-44,0,ALL,Nepal,2.0,NOTSELECTED,Graduated,1489064001,diabetes awareness,Labor City
8231,Android,45+,0,ALL,Nepal,2.0,NOTSELECTED,Graduated,1489064001,diabetes awareness,Labor City
8232,Android,18-24,40,ALL,Nepal,1.0,NOTSELECTED,No Degree,1489064001,diabetes awareness,Labor City
8233,Android,25-44,40,ALL,Nepal,1.0,NOTSELECTED,No Degree,1489064001,diabetes awareness,Labor City
8234,Android,45+,0,ALL,Nepal,1.0,NOTSELECTED,No Degree,1489064001,diabetes awareness,Labor City
8235,Android,18-24,0,ALL,Nepal,2.0,NOTSELECTED,No Degree,1489064001,diabetes awareness,Labor City
8236,Android,25-44,0,ALL,Nepal,2.0,NOTSELECTED,No Degree,1489064001,diabetes awareness,Labor City
8237,Android,45+,0,ALL,Nepal,2.0,NOTSELECTED,No Degree,1489064001,diabetes awareness,Labor City
8238,Android,18-24,0,ALL,Nepal,1.0,NOTSELECTED,High School,1489064001,diabetes awareness,Labor City
8239,Android,25-44,60,ALL,Nepal,1.0,NOTSELECTED,High School,1489064001,diabetes awareness,Labor City
8240,Android,45+,0,ALL,Nepal,1.0,NOTSELECTED,High School,1489064001,diabetes awareness,Labor City
8241,Android,18-24,0,ALL,Nepal,2.0,NOTSELECTED,High School,1489064001,diabetes awareness,Labor City
8242,Android,25-44,0,ALL,Nepal,2.0,NOTSELECTED,High School,1489064001,diabetes awareness,Labor City
8243,Android,45+,0,ALL,Nepal,2.0,NOTSELECTED,High School,1489064001,diabetes awareness,Labor City
8244,Android,18-24,0,ALL,Philippines,1.0,NOTSELECTED,Graduated,1489064001,diabetes awareness,Labor City
8245,Android,25-44,150,ALL,Philippines,1.0,NOTSELECTED,Graduated,1489064001,diabetes awareness,Labor City
8246,Android,45+,40,ALL,Philippines,1.0,NOTSELECTED,Graduated,1489064001,diabetes awareness,Labor City
8247,Android,18-24,0,ALL,Philippines,2.0,NOTSELECTED,Graduated,1489064001,diabetes awareness,Labor City
8248,Android,25-44,80,ALL,Philippines,2.0,NOTSELECTED,Graduated,1489064001,diabetes awareness,Labor City
8249,Android,45+,0,ALL,Philippines,2.0,NOTSELECTED,Graduated,1489064001,diabetes awareness,Labor City
8250,Android,18-24,0,ALL,Philippines,1.0,NOTSELECTED,No Degree,1489064001,diabetes awareness,Labor City
8251,Android,25-44,40,ALL,Philippines,1.0,NOTSELECTED,No Degree,1489064001,diabetes awareness,Labor City
8252,Android,45+,80,ALL,Philippines,1.0,NOTSELECTED,No Degree,1489064001,diabetes awareness,Labor City
8253,Android,18-24,0,ALL,Philippines,2.0,NOTSELECTED,No Degree,1489064001,diabetes awareness,Labor City
8254,Android,25-44,0,ALL,Philippines,2.0,NOTSELECTED,No Degree,1489064001,diabetes awareness,Labor City
8255,Android,45+,0,ALL,Philippines,2.0,NOTSELECTED,No Degree,1489064001,diabetes awareness,Labor City
8256,Android,18-24,0,ALL,Philippines,1.0,NOTSELECTED,High School,1489064001,diabetes awareness,Labor City
8257,Android,25-44,40,ALL,Philippines,1.0,NOTSELECTED,High School,1489064001,diabetes awareness,Labor City
8258,Android,45+,40,ALL,Philippines,1.0,NOTSELECTED,High School,1489064001,diabetes awareness,Labor City
8259,Android,18-24,0,ALL,Philippines,2.0,NOTSELECTED,High School,1489064001,diabetes awareness,Labor City
8260,Android,25-44,0,ALL,Philippines,2.0,NOTSELECTED,High School,1489064001,diabetes awareness,Labor City
8261,Android,45+,0,ALL,Philippines,2.0,NOTSELECTED,High School,1489064001,diabetes awareness,Labor City
8262,Android,18-24,0,ALL,Western-US-CA-EU-AU-NZ,1.0,NOTSELECTED,Graduated,1489064001,diabetes awareness,Labor City
8263,Android,25-44,0,ALL,Western-US-CA-EU-AU-NZ,1.0,NOTSELECTED,Graduated,1489064001,diabetes awareness,Labor City
8264,Android,45+,0,ALL,Western-US-CA-EU-AU-NZ,1.0,NOTSELECTED,Graduated,1489064001,diabetes awareness,Labor City
8265,Android,18-24,0,ALL,Western-US-CA-EU-AU-NZ,2.0,NOTSELECTED,Graduated,1489064001,diabetes awareness,Labor City
8266,Android,25-44,0,ALL,Western-US-CA-EU-AU-NZ,2.0,NOTSELECTED,Graduated,1489064001,diabetes awareness,Labor City
8267,Android,45+,0,ALL,Western-US-CA-EU-AU-NZ,2.0,NOTSELECTED,Graduated,1489064001,diabetes awareness,Labor City
8268,Android,18-24,0,ALL,Western-US-CA-EU-AU-NZ,1.0,NOTSELECTED,No Degree,1489064001,diabetes awareness,Labor City
8269,Android,25-44,0,ALL,Western-US-CA-EU-AU-NZ,1.0,NOTSELECTED,No Degree,1489064001,diabetes awareness,Labor City
8270,Android,45+,0,ALL,Western-US-CA-EU-AU-NZ,1.0,NOTSELECTED,No Degree,1489064001,diabetes awareness,Labor City
8271,Android,18-24,0,ALL,Western-US-CA-EU-AU-NZ,2.0,NOTSELECTED,No Degree,1489064001,diabetes awareness,Labor City
8272,Android,25-44,0,ALL,Western-US-CA-EU-AU-NZ,2.0,NOTSELECTED,No Degree,1489064001,diabetes awareness,Labor City
8273,Android,45+,0,ALL,Western-US-CA-EU-AU-NZ,2.0,NOTSELECTED,No Degree,1489064001,diabetes awareness,Labor City
8274,Android,18-24,0,ALL,Western-US-CA-EU-AU-NZ,1.0,NOTSELECTED,High School,1489064001,diabetes awareness,Labor City
8275,Android,25-44,0,ALL,Western-US-CA-EU-AU-NZ,1.0,NOTSELECTED,High School,1489064001,diabetes awareness,Labor City
8276,Android,45+,0,ALL,Western-US-CA-EU-AU-NZ,1.0,NOTSELECTED,High School,1489064001,diabetes awareness,Labor City
8277,Android,18-24,0,ALL,Western-US-CA-EU-AU-NZ,2.0,NOTSELECTED,High School,1489064001,diabetes awareness,Labor City
8278,Android,25-44,0,ALL,Western-US-CA-EU-AU-NZ,2.0,NOTSELECTED,High School,1489064001,diabetes awareness,Labor City
8279,Android,45+,0,ALL,Western-US-CA-EU-AU-NZ,2.0,NOTSELECTED,High School,1489064001,diabetes awareness,Labor City
8280,Android,18-24,0,ALL,Not Expats,1.0,NOTSELECTED,Graduated,1489064001,diabetes awareness,Labor City
8281,Android,25-44,40,ALL,Not Expats,1.0,NOTSELECTED,Graduated,1489064001,diabetes awareness,Labor City
8282,Android,45+,0,ALL,Not Expats,1.0,NOTSELECTED,Graduated,1489064001,diabetes awareness,Labor City
8283,Android,18-24,0,ALL,Not Expats,2.0,NOTSELECTED,Graduated,1489064001,diabetes awareness,Labor City
8284,Android,25-44,0,ALL,Not Expats,2.0,NOTSELECTED,Graduated,1489064001,diabetes awareness,Labor City
8285,Android,45+,0,ALL,Not Expats,2.0,NOTSELECTED,Graduated,1489064001,diabetes awareness,Labor City
8286,Android,18-24,0,ALL,Not Expats,1.0,NOTSELECTED,No Degree,1489064001,diabetes awareness,Labor City
8287,Android,25-44,0,ALL,Not Expats,1.0,NOTSELECTED,No Degree,1489064001,diabetes awareness,Labor City
8288,Android,45+,0,ALL,Not Expats,1.0,NOTSELECTED,No Degree,1489064001,diabetes awareness,Labor City
8289,Android,18-24,0,ALL,Not Expats,2.0,NOTSELECTED,No Degree,1489064001,diabetes awareness,Labor City
8290,Android,25-44,0,ALL,Not Expats,2.0,NOTSELECTED,No Degree,1489064001,diabetes awareness,Labor City
8291,Android,45+,0,ALL,Not Expats,2.0,NOTSELECTED,No Degree,1489064001,diabetes awareness,Labor City
8292,Android,18-24,0,ALL,Not Expats,1.0,NOTSELECTED,High School,1489064001,diabetes awareness,Labor City
8293,Android,25-44,0,ALL,Not Expats,1.0,NOTSELECTED,High School,1489064001,diabetes awareness,Labor City
8294,Android,45+,0,ALL,Not Expats,1.0,NOTSELECTED,High School,1489064001,diabetes awareness,Labor City
8295,Android,18-24,0,ALL,Not Expats,2.0,NOTSELECTED,High School,1489064001,diabetes awareness,Labor City
8296,Android,25-44,0,ALL,Not Expats,2.0,NOTSELECTED,High School,1489064001,diabetes awareness,Labor City
8297,Android,45+,0,ALL,Not Expats,2.0,NOTSELECTED,High School,1489064001,diabetes awareness,Labor City
8298,Android,18-24,0,ALL,Others,1.0,NOTSELECTED,Graduated,1489064001,diabetes awareness,Labor City
8299,Android,25-44,100,ALL,Others,1.0,NOTSELECTED,Graduated,1489064001,diabetes awareness,Labor City
8300,Android,45+,40,ALL,Others,1.0,NOTSELECTED,Graduated,1489064001,diabetes awareness,Labor City
8301,Android,18-24,0,ALL,Others,2.0,NOTSELECTED,Graduated,1489064001,diabetes awareness,Labor City
8302,Android,25-44,0,ALL,Others,2.0,NOTSELECTED,Graduated,1489064001,diabetes awareness,Labor City
8303,Android,45+,0,ALL,Others,2.0,NOTSELECTED,Graduated,1489064001,diabetes awareness,Labor City
8304,Android,18-24,60,ALL,Others,1.0,NOTSELECTED,No Degree,1489064001,diabetes awareness,Labor City
8305,Android,25-44,0,ALL,Others,1.0,NOTSELECTED,No Degree,1489064001,diabetes awareness,Labor City
8306,Android,45+,60,ALL,Others,1.0,NOTSELECTED,No Degree,1489064001,diabetes awareness,Labor City
8307,Android,18-24,0,ALL,Others,2.0,NOTSELECTED,No Degree,1489064001,diabetes awareness,Labor City
8308,Android,25-44,0,ALL,Others,2.0,NOTSELECTED,No Degree,1489064001,diabetes awareness,Labor City
8309,Android,45+,0,ALL,Others,2.0,NOTSELECTED,No Degree,1489064001,diabetes awareness,Labor City
8310,Android,18-24,0,ALL,Others,1.0,NOTSELECTED,High School,1489064001,diabetes awareness,Labor City
8311,Android,25-44,0,ALL,Others,1.0,NOTSELECTED,High School,1489064001,diabetes awareness,Labor City
8312,Android,45+,0,ALL,Others,1.0,NOTSELECTED,High School,1489064001,diabetes awareness,Labor City
8313,Android,18-24,0,ALL,Others,2.0,NOTSELECTED,High School,1489064001,diabetes awareness,Labor City
8314,Android,25-44,0,ALL,Others,2.0,NOTSELECTED,High School,1489064001,diabetes awareness,Labor City
8315,Android,45+,0,ALL,Others,2.0,NOTSELECTED,High School,1489064001,diabetes awareness,Labor City
8316,Android,18-24,0,ALL,India,1.0,NOTSELECTED,Graduated,1489064001,diabetes awareness,Educational City
8317,Android,25-44,0,ALL,India,1.0,NOTSELECTED,Graduated,1489064001,diabetes awareness,Educational City
8318,Android,45+,0,ALL,India,1.0,NOTSELECTED,Graduated,1489064001,diabetes awareness,Educational City
8319,Android,18-24,0,ALL,India,2.0,NOTSELECTED,Graduated,1489064001,diabetes awareness,Educational City
8320,Android,25-44,0,ALL,India,2.0,NOTSELECTED,Graduated,1489064001,diabetes awareness,Educational City
8321,Android,45+,0,ALL,India,2.0,NOTSELECTED,Graduated,1489064001,diabetes awareness,Educational City
8322,Android,18-24,0,ALL,India,1.0,NOTSELECTED,No Degree,1489064001,diabetes awareness,Educational City
8323,Android,25-44,60,ALL,India,1.0,NOTSELECTED,No Degree,1489064001,diabetes awareness,Educational City
8324,Android,45+,0,ALL,India,1.0,NOTSELECTED,No Degree,1489064001,diabetes awareness,Educational City
8325,Android,18-24,0,ALL,India,2.0,NOTSELECTED,No Degree,1489064001,diabetes awareness,Educational City
8326,Android,25-44,0,ALL,India,2.0,NOTSELECTED,No Degree,1489064001,diabetes awareness,Educational City
8327,Android,45+,0,ALL,India,2.0,NOTSELECTED,No Degree,1489064001,diabetes awareness,Educational City
8328,Android,18-24,30,ALL,India,1.0,NOTSELECTED,High School,1489064001,diabetes awareness,Educational City
8329,Android,25-44,0,ALL,India,1.0,NOTSELECTED,High School,1489064001,diabetes awareness,Educational City
8330,Android,45+,0,ALL,India,1.0,NOTSELECTED,High School,1489064001,diabetes awareness,Educational City
8331,Android,18-24,0,ALL,India,2.0,NOTSELECTED,High School,1489064001,diabetes awareness,Educational City
8332,Android,25-44,0,ALL,India,2.0,NOTSELECTED,High School,1489064001,diabetes awareness,Educational City
8333,Android,45+,0,ALL,India,2.0,NOTSELECTED,High School,1489064001,diabetes awareness,Educational City
8334,Android,18-24,0,ALL,Bangladesh,1.0,NOTSELECTED,Graduated,1489064001,diabetes awareness,Educational City
8335,Android,25-44,0,ALL,Bangladesh,1.0,NOTSELECTED,Graduated,1489064001,diabetes awareness,Educational City
8336,Android,45+,0,ALL,Bangladesh,1.0,NOTSELECTED,Graduated,1489064001,diabetes awareness,Educational City
8337,Android,18-24,0,ALL,Bangladesh,2.0,NOTSELECTED,Graduated,1489064001,diabetes awareness,Educational City
8338,Android,25-44,30,ALL,Bangladesh,2.0,NOTSELECTED,Graduated,1489064001,diabetes awareness,Educational City
8339,Android,45+,0,ALL,Bangladesh,2.0,NOTSELECTED,Graduated,1489064001,diabetes awareness,Educational City
8340,Android,18-24,30,ALL,Bangladesh,1.0,NOTSELECTED,No Degree,1489064001,diabetes awareness,Educational City
8341,Android,25-44,0,ALL,Bangladesh,1.0,NOTSELECTED,No Degree,1489064001,diabetes awareness,Educational City
8342,Android,45+,0,ALL,Bangladesh,1.0,NOTSELECTED,No Degree,1489064001,diabetes awareness,Educational City
8343,Android,18-24,0,ALL,Bangladesh,2.0,NOTSELECTED,No Degree,1489064001,diabetes awareness,Educational City
8344,Android,25-44,0,ALL,Bangladesh,2.0,NOTSELECTED,No Degree,1489064001,diabetes awareness,Educational City
8345,Android,45+,0,ALL,Bangladesh,2.0,NOTSELECTED,No Degree,1489064001,diabetes awareness,Educational City
8346,Android,18-24,0,ALL,Bangladesh,1.0,NOTSELECTED,High School,1489064001,diabetes awareness,Educational City
8347,Android,25-44,0,ALL,Bangladesh,1.0,NOTSELECTED,High School,1489064001,diabetes awareness,Educational City
8348,Android,45+,0,ALL,Bangladesh,1.0,NOTSELECTED,High School,1489064001,diabetes awareness,Educational City
8349,Android,18-24,0,ALL,Bangladesh,2.0,NOTSELECTED,High School,1489064001,diabetes awareness,Educational City
8350,Android,25-44,0,ALL,Bangladesh,2.0,NOTSELECTED,High School,1489064001,diabetes awareness,Educational City
8351,Android,45+,0,ALL,Bangladesh,2.0,NOTSELECTED,High School,1489064001,diabetes awareness,Educational City
8352,Android,18-24,0,ALL,Nepal,1.0,NOTSELECTED,Graduated,1489064001,diabetes awareness,Educational City
8353,Android,25-44,0,ALL,Nepal,1.0,NOTSELECTED,Graduated,1489064001,diabetes awareness,Educational City
8354,Android,45+,0,ALL,Nepal,1.0,NOTSELECTED,Graduated,1489064001,diabetes awareness,Educational City
8355,Android,18-24,0,ALL,Nepal,2.0,NOTSELECTED,Graduated,1489064001,diabetes awareness,Educational City
8356,Android,25-44,30,ALL,Nepal,2.0,NOTSELECTED,Graduated,1489064001,diabetes awareness,Educational City
8357,Android,45+,0,ALL,Nepal,2.0,NOTSELECTED,Graduated,1489064001,diabetes awareness,Educational City
8358,Android,18-24,30,ALL,Nepal,1.0,NOTSELECTED,No Degree,1489064001,diabetes awareness,Educational City
8359,Android,25-44,30,ALL,Nepal,1.0,NOTSELECTED,No Degree,1489064001,diabetes awareness,Educational City
8360,Android,45+,0,ALL,Nepal,1.0,NOTSELECTED,No Degree,1489064001,diabetes awareness,Educational City
8361,Android,18-24,0,ALL,Nepal,2.0,NOTSELECTED,No Degree,1489064001,diabetes awareness,Educational City
8362,Android,25-44,0,ALL,Nepal,2.0,NOTSELECTED,No Degree,1489064001,diabetes awareness,Educational City
8363,Android,45+,0,ALL,Nepal,2.0,NOTSELECTED,No Degree,1489064001,diabetes awareness,Educational City
8364,Android,18-24,0,ALL,Nepal,1.0,NOTSELECTED,High School,1489064001,diabetes awareness,Educational City
8365,Android,25-44,0,ALL,Nepal,1.0,NOTSELECTED,High School,1489064001,diabetes awareness,Educational City
8366,Android,45+,0,ALL,Nepal,1.0,NOTSELECTED,High School,1489064001,diabetes awareness,Educational City
8367,Android,18-24,0,ALL,Nepal,2.0,NOTSELECTED,High School,1489064001,diabetes awareness,Educational City
8368,Android,25-44,0,ALL,Nepal,2.0,NOTSELECTED,High School,1489064001,diabetes awareness,Educational City
8369,Android,45+,0,ALL,Nepal,2.0,NOTSELECTED,High School,1489064001,diabetes awareness,Educational City
8370,Android,18-24,0,ALL,Philippines,1.0,NOTSELECTED,Graduated,1489064001,diabetes awareness,Educational City
8371,Android,25-44,120,ALL,Philippines,1.0,NOTSELECTED,Graduated,1489064001,diabetes awareness,Educational City
8372,Android,45+,0,ALL,Philippines,1.0,NOTSELECTED,Graduated,1489064001,diabetes awareness,Educational City
8373,Android,18-24,30,ALL,Philippines,2.0,NOTSELECTED,Graduated,1489064001,diabetes awareness,Educational City
8374,Android,25-44,150,ALL,Philippines,2.0,NOTSELECTED,Graduated,1489064001,diabetes awareness,Educational City
8375,Android,45+,0,ALL,Philippines,2.0,NOTSELECTED,Graduated,1489064001,diabetes awareness,Educational City
8376,Android,18-24,0,ALL,Philippines,1.0,NOTSELECTED,No Degree,1489064001,diabetes awareness,Educational City
8377,Android,25-44,0,ALL,Philippines,1.0,NOTSELECTED,No Degree,1489064001,diabetes awareness,Educational City
8378,Android,45+,0,ALL,Philippines,1.0,NOTSELECTED,No Degree,1489064001,diabetes awareness,Educational City
8379,Android,18-24,0,ALL,Philippines,2.0,NOTSELECTED,No Degree,1489064001,diabetes awareness,Educational City
8380,Android,25-44,90,ALL,Philippines,2.0,NOTSELECTED,No Degree,1489064001,diabetes awareness,Educational City
8381,Android,45+,30,ALL,Philippines,2.0,NOTSELECTED,No Degree,1489064001,diabetes awareness,Educational City
8382,Android,18-24,0,ALL,Philippines,1.0,NOTSELECTED,High School,1489064001,diabetes awareness,Educational City
8383,Android,25-44,0,ALL,Philippines,1.0,NOTSELECTED,High School,1489064001,diabetes awareness,Educational City
8384,Android,45+,0,ALL,Philippines,1.0,NOTSELECTED,High School,1489064001,diabetes awareness,Educational City
8385,Android,18-24,0,ALL,Philippines,2.0,NOTSELECTED,High School,1489064001,diabetes awareness,Educational City
8386,Android,25-44,30,ALL,Philippines,2.0,NOTSELECTED,High School,1489064001,diabetes awareness,Educational City
8387,Android,45+,0,ALL,Philippines,2.0,NOTSELECTED,High School,1489064001,diabetes awareness,Educational City
8388,Android,18-24,0,ALL,Western-US-CA-EU-AU-NZ,1.0,NOTSELECTED,Graduated,1489064001,diabetes awareness,Educational City
8389,Android,25-44,0,ALL,Western-US-CA-EU-AU-NZ,1.0,NOTSELECTED,Graduated,1489064001,diabetes awareness,Educational City
8390,Android,45+,0,ALL,Western-US-CA-EU-AU-NZ,1.0,NOTSELECTED,Graduated,1489064001,diabetes awareness,Educational City
8391,Android,18-24,0,ALL,Western-US-CA-EU-AU-NZ,2.0,NOTSELECTED,Graduated,1489064001,diabetes awareness,Educational City
8392,Android,25-44,0,ALL,Western-US-CA-EU-AU-NZ,2.0,NOTSELECTED,Graduated,1489064001,diabetes awareness,Educational City
8393,Android,45+,0,ALL,Western-US-CA-EU-AU-NZ,2.0,NOTSELECTED,Graduated,1489064001,diabetes awareness,Educational City
8394,Android,18-24,0,ALL,Western-US-CA-EU-AU-NZ,1.0,NOTSELECTED,No Degree,1489064001,diabetes awareness,Educational City
8395,Android,25-44,0,ALL,Western-US-CA-EU-AU-NZ,1.0,NOTSELECTED,No Degree,1489064001,diabetes awareness,Educational City
8396,Android,45+,0,ALL,Western-US-CA-EU-AU-NZ,1.0,NOTSELECTED,No Degree,1489064001,diabetes awareness,Educational City
8397,Android,18-24,0,ALL,Western-US-CA-EU-AU-NZ,2.0,NOTSELECTED,No Degree,1489064001,diabetes awareness,Educational City
8398,Android,25-44,0,ALL,Western-US-CA-EU-AU-NZ,2.0,NOTSELECTED,No Degree,1489064001,diabetes awareness,Educational City
8399,Android,45+,0,ALL,Western-US-CA-EU-AU-NZ,2.0,NOTSELECTED,No Degree,1489064001,diabetes awareness,Educational City
8400,Android,18-24,0,ALL,Western-US-CA-EU-AU-NZ,1.0,NOTSELECTED,High School,1489064001,diabetes awareness,Educational City
8401,Android,25-44,0,ALL,Western-US-CA-EU-AU-NZ,1.0,NOTSELECTED,High School,1489064001,diabetes awareness,Educational City
8402,Android,45+,0,ALL,Western-US-CA-EU-AU-NZ,1.0,NOTSELECTED,High School,1489064001,diabetes awareness,Educational City
8403,Android,18-24,0,ALL,Western-US-CA-EU-AU-NZ,2.0,NOTSELECTED,High School,1489064001,diabetes awareness,Educational City
8404,Android,25-44,30,ALL,Western-US-CA-EU-AU-NZ,2.0,NOTSELECTED,High School,1489064001,diabetes awareness,Educational City
8405,Android,45+,0,ALL,Western-US-CA-EU-AU-NZ,2.0,NOTSELECTED,High School,1489064001,diabetes awareness,Educational City
8406,Android,18-24,0,ALL,Not Expats,1.0,NOTSELECTED,Graduated,1489064001,diabetes awareness,Educational City
8407,Android,25-44,0,ALL,Not Expats,1.0,NOTSELECTED,Graduated,1489064001,diabetes awareness,Educational City
8408,Android,45+,0,ALL,Not Expats,1.0,NOTSELECTED,Graduated,1489064001,diabetes awareness,Educational City
8409,Android,18-24,0,ALL,Not Expats,2.0,NOTSELECTED,Graduated,1489064001,diabetes awareness,Educational City
8410,Android,25-44,0,ALL,Not Expats,2.0,NOTSELECTED,Graduated,1489064001,diabetes awareness,Educational City
8411,Android,45+,0,ALL,Not Expats,2.0,NOTSELECTED,Graduated,1489064001,diabetes awareness,Educational City
8412,Android,18-24,0,ALL,Not Expats,1.0,NOTSELECTED,No Degree,1489064001,diabetes awareness,Educational City
8413,Android,25-44,0,ALL,Not Expats,1.0,NOTSELECTED,No Degree,1489064001,diabetes awareness,Educational City
8414,Android,45+,0,ALL,Not Expats,1.0,NOTSELECTED,No Degree,1489064001,diabetes awareness,Educational City
8415,Android,18-24,0,ALL,Not Expats,2.0,NOTSELECTED,No Degree,1489064001,diabetes awareness,Educational City
8416,Android,25-44,0,ALL,Not Expats,2.0,NOTSELECTED,No Degree,1489064001,diabetes awareness,Educational City
8417,Android,45+,0,ALL,Not Expats,2.0,NOTSELECTED,No Degree,1489064001,diabetes awareness,Educational City
8418,Android,18-24,0,ALL,Not Expats,1.0,NOTSELECTED,High School,1489064001,diabetes awareness,Educational City
8419,Android,25-44,0,ALL,Not Expats,1.0,NOTSELECTED,High School,1489064001,diabetes awareness,Educational City
8420,Android,45+,0,ALL,Not Expats,1.0,NOTSELECTED,High School,1489064001,diabetes awareness,Educational City
8421,Android,18-24,0,ALL,Not Expats,2.0,NOTSELECTED,High School,1489064001,diabetes awareness,Educational City
8422,Android,25-44,0,ALL,Not Expats,2.0,NOTSELECTED,High School,1489064001,diabetes awareness,Educational City
8423,Android,45+,0,ALL,Not Expats,2.0,NOTSELECTED,High School,1489064001,diabetes awareness,Educational City
8424,Android,18-24,0,ALL,Others,1.0,NOTSELECTED,Graduated,1489064001,diabetes awareness,Educational City
8425,Android,25-44,150,ALL,Others,1.0,NOTSELECTED,Graduated,1489064001,diabetes awareness,Educational City
8426,Android,45+,0,ALL,Others,1.0,NOTSELECTED,Graduated,1489064001,diabetes awareness,Educational City
8427,Android,18-24,0,ALL,Others,2.0,NOTSELECTED,Graduated,1489064001,diabetes awareness,Educational City
8428,Android,25-44,0,ALL,Others,2.0,NOTSELECTED,Graduated,1489064001,diabetes awareness,Educational City
8429,Android,45+,60,ALL,Others,2.0,NOTSELECTED,Graduated,1489064001,diabetes awareness,Educational City
8430,Android,18-24,60,ALL,Others,1.0,NOTSELECTED,No Degree,1489064001,diabetes awareness,Educational City
8431,Android,25-44,120,ALL,Others,1.0,NOTSELECTED,No Degree,1489064001,diabetes awareness,Educational City
8432,Android,45+,0,ALL,Others,1.0,NOTSELECTED,No Degree,1489064001,diabetes awareness,Educational City
8433,Android,18-24,0,ALL,Others,2.0,NOTSELECTED,No Degree,1489064001,diabetes awareness,Educational City
8434,Android,25-44,30,ALL,Others,2.0,NOTSELECTED,No Degree,1489064001,diabetes awareness,Educational City
8435,Android,45+,0,ALL,Others,2.0,NOTSELECTED,No Degree,1489064001,diabetes awareness,Educational City
8436,Android,18-24,0,ALL,Others,1.0,NOTSELECTED,High School,1489064001,diabetes awareness,Educational City
8437,Android,25-44,0,ALL,Others,1.0,NOTSELECTED,High School,1489064001,diabetes awareness,Educational City
8438,Android,45+,0,ALL,Others,1.0,NOTSELECTED,High School,1489064001,diabetes awareness,Educational City
8439,Android,18-24,0,ALL,Others,2.0,NOTSELECTED,High School,1489064001,diabetes awareness,Educational City
8440,Android,25-44,30,ALL,Others,2.0,NOTSELECTED,High School,1489064001,diabetes awareness,Educational City
8441,Android,45+,0,ALL,Others,2.0,NOTSELECTED,High School,1489064001,diabetes awareness,Educational City
8442,Android,18-24,0,ALL,India,1.0,NOTSELECTED,Graduated,1489064001,diabetes awareness,Perl
8443,Android,25-44,0,ALL,India,1.0,NOTSELECTED,Graduated,1489064001,diabetes awareness,Perl
8444,Android,45+,0,ALL,India,1.0,NOTSELECTED,Graduated,1489064001,diabetes awareness,Perl
8445,Android,18-24,0,ALL,India,2.0,NOTSELECTED,Graduated,1489064001,diabetes awareness,Perl
8446,Android,25-44,0,ALL,India,2.0,NOTSELECTED,Graduated,1489064001,diabetes awareness,Perl
8447,Android,45+,0,ALL,India,2.0,NOTSELECTED,Graduated,1489064001,diabetes awareness,Perl
8448,Android,18-24,0,ALL,India,1.0,NOTSELECTED,No Degree,1489064001,diabetes awareness,Perl
8449,Android,25-44,90,ALL,India,1.0,NOTSELECTED,No Degree,1489064001,diabetes awareness,Perl
8450,Android,45+,0,ALL,India,1.0,NOTSELECTED,No Degree,1489064001,diabetes awareness,Perl
8451,Android,18-24,0,ALL,India,2.0,NOTSELECTED,No Degree,1489064001,diabetes awareness,Perl
8452,Android,25-44,0,ALL,India,2.0,NOTSELECTED,No Degree,1489064001,diabetes awareness,Perl
8453,Android,45+,0,ALL,India,2.0,NOTSELECTED,No Degree,1489064001,diabetes awareness,Perl
8454,Android,18-24,0,ALL,India,1.0,NOTSELECTED,High School,1489064001,diabetes awareness,Perl
8455,Android,25-44,0,ALL,India,1.0,NOTSELECTED,High School,1489064001,diabetes awareness,Perl
8456,Android,45+,0,ALL,India,1.0,NOTSELECTED,High School,1489064001,diabetes awareness,Perl
8457,Android,18-24,0,ALL,India,2.0,NOTSELECTED,High School,1489064001,diabetes awareness,Perl
8458,Android,25-44,0,ALL,India,2.0,NOTSELECTED,High School,1489064001,diabetes awareness,Perl
8459,Android,45+,0,ALL,India,2.0,NOTSELECTED,High School,1489064001,diabetes awareness,Perl
8460,Android,18-24,0,ALL,Bangladesh,1.0,NOTSELECTED,Graduated,1489064001,diabetes awareness,Perl
8461,Android,25-44,0,ALL,Bangladesh,1.0,NOTSELECTED,Graduated,1489064001,diabetes awareness,Perl
8462,Android,45+,0,ALL,Bangladesh,1.0,NOTSELECTED,Graduated,1489064001,diabetes awareness,Perl
8463,Android,18-24,0,ALL,Bangladesh,2.0,NOTSELECTED,Graduated,1489064001,diabetes awareness,Perl
8464,Android,25-44,0,ALL,Bangladesh,2.0,NOTSELECTED,Graduated,1489064001,diabetes awareness,Perl
8465,Android,45+,0,ALL,Bangladesh,2.0,NOTSELECTED,Graduated,1489064001,diabetes awareness,Perl
8466,Android,18-24,0,ALL,Bangladesh,1.0,NOTSELECTED,No Degree,1489064001,diabetes awareness,Perl
8467,Android,25-44,40,ALL,Bangladesh,1.0,NOTSELECTED,No Degree,1489064001,diabetes awareness,Perl
8468,Android,45+,0,ALL,Bangladesh,1.0,NOTSELECTED,No Degree,1489064001,diabetes awareness,Perl
8469,Android,18-24,0,ALL,Bangladesh,2.0,NOTSELECTED,No Degree,1489064001,diabetes awareness,Perl
8470,Android,25-44,0,ALL,Bangladesh,2.0,NOTSELECTED,No Degree,1489064001,diabetes awareness,Perl
8471,Android,45+,0,ALL,Bangladesh,2.0,NOTSELECTED,No Degree,1489064001,diabetes awareness,Perl
8472,Android,18-24,0,ALL,Bangladesh,1.0,NOTSELECTED,High School,1489064001,diabetes awareness,Perl
8473,Android,25-44,0,ALL,Bangladesh,1.0,NOTSELECTED,High School,1489064001,diabetes awareness,Perl
8474,Android,45+,0,ALL,Bangladesh,1.0,NOTSELECTED,High School,1489064001,diabetes awareness,Perl
8475,Android,18-24,0,ALL,Bangladesh,2.0,NOTSELECTED,High School,1489064001,diabetes awareness,Perl
8476,Android,25-44,0,ALL,Bangladesh,2.0,NOTSELECTED,High School,1489064001,diabetes awareness,Perl
8477,Android,45+,0,ALL,Bangladesh,2.0,NOTSELECTED,High School,1489064001,diabetes awareness,Perl
8478,Android,18-24,40,ALL,Nepal,1.0,NOTSELECTED,Graduated,1489064001,diabetes awareness,Perl
8479,Android,25-44,40,ALL,Nepal,1.0,NOTSELECTED,Graduated,1489064001,diabetes awareness,Perl
8480,Android,45+,0,ALL,Nepal,1.0,NOTSELECTED,Graduated,1489064001,diabetes awareness,Perl
8481,Android,18-24,0,ALL,Nepal,2.0,NOTSELECTED,Graduated,1489064001,diabetes awareness,Perl
8482,Android,25-44,0,ALL,Nepal,2.0,NOTSELECTED,Graduated,1489064001,diabetes awareness,Perl
8483,Android,45+,0,ALL,Nepal,2.0,NOTSELECTED,Graduated,1489064001,diabetes awareness,Perl
8484,Android,18-24,0,ALL,Nepal,1.0,NOTSELECTED,No Degree,1489064001,diabetes awareness,Perl
8485,Android,25-44,0,ALL,Nepal,1.0,NOTSELECTED,No Degree,1489064001,diabetes awareness,Perl
8486,Android,45+,0,ALL,Nepal,1.0,NOTSELECTED,No Degree,1489064001,diabetes awareness,Perl
8487,Android,18-24,0,ALL,Nepal,2.0,NOTSELECTED,No Degree,1489064001,diabetes awareness,Perl
8488,Android,25-44,0,ALL,Nepal,2.0,NOTSELECTED,No Degree,1489064001,diabetes awareness,Perl
8489,Android,45+,0,ALL,Nepal,2.0,NOTSELECTED,No Degree,1489064001,diabetes awareness,Perl
8490,Android,18-24,0,ALL,Nepal,1.0,NOTSELECTED,High School,1489064001,diabetes awareness,Perl
8491,Android,25-44,0,ALL,Nepal,1.0,NOTSELECTED,High School,1489064001,diabetes awareness,Perl
8492,Android,45+,0,ALL,Nepal,1.0,NOTSELECTED,High School,1489064001,diabetes awareness,Perl
8493,Android,18-24,0,ALL,Nepal,2.0,NOTSELECTED,High School,1489064001,diabetes awareness,Perl
8494,Android,25-44,0,ALL,Nepal,2.0,NOTSELECTED,High School,1489064001,diabetes awareness,Perl
8495,Android,45+,0,ALL,Nepal,2.0,NOTSELECTED,High School,1489064001,diabetes awareness,Perl
8496,Android,18-24,0,ALL,Philippines,1.0,NOTSELECTED,Graduated,1489064001,diabetes awareness,Perl
8497,Android,25-44,140,ALL,Philippines,1.0,NOTSELECTED,Graduated,1489064001,diabetes awareness,Perl
8498,Android,45+,0,ALL,Philippines,1.0,NOTSELECTED,Graduated,1489064001,diabetes awareness,Perl
8499,Android,18-24,40,ALL,Philippines,2.0,NOTSELECTED,Graduated,1489064001,diabetes awareness,Perl
8500,Android,25-44,40,ALL,Philippines,2.0,NOTSELECTED,Graduated,1489064001,diabetes awareness,Perl
8501,Android,45+,40,ALL,Philippines,2.0,NOTSELECTED,Graduated,1489064001,diabetes awareness,Perl
8502,Android,18-24,0,ALL,Philippines,1.0,NOTSELECTED,No Degree,1489064001,diabetes awareness,Perl
8503,Android,25-44,0,ALL,Philippines,1.0,NOTSELECTED,No Degree,1489064001,diabetes awareness,Perl
8504,Android,45+,0,ALL,Philippines,1.0,NOTSELECTED,No Degree,1489064001,diabetes awareness,Perl
8505,Android,18-24,0,ALL,Philippines,2.0,NOTSELECTED,No Degree,1489064001,diabetes awareness,Perl
8506,Android,25-44,0,ALL,Philippines,2.0,NOTSELECTED,No Degree,1489064001,diabetes awareness,Perl
8507,Android,45+,40,ALL,Philippines,2.0,NOTSELECTED,No Degree,1489064001,diabetes awareness,Perl
8508,Android,18-24,0,ALL,Philippines,1.0,NOTSELECTED,High School,1489064001,diabetes awareness,Perl
8509,Android,25-44,0,ALL,Philippines,1.0,NOTSELECTED,High School,1489064001,diabetes awareness,Perl
8510,Android,45+,0,ALL,Philippines,1.0,NOTSELECTED,High School,1489064001,diabetes awareness,Perl
8511,Android,18-24,0,ALL,Philippines,2.0,NOTSELECTED,High School,1489064001,diabetes awareness,Perl
8512,Android,25-44,140,ALL,Philippines,2.0,NOTSELECTED,High School,1489064001,diabetes awareness,Perl
8513,Android,45+,0,ALL,Philippines,2.0,NOTSELECTED,High School,1489064001,diabetes awareness,Perl
8514,Android,18-24,90,ALL,Western-US-CA-EU-AU-NZ,1.0,NOTSELECTED,Graduated,1489064001,diabetes awareness,Perl
8515,Android,25-44,0,ALL,Western-US-CA-EU-AU-NZ,1.0,NOTSELECTED,Graduated,1489064001,diabetes awareness,Perl
8516,Android,45+,0,ALL,Western-US-CA-EU-AU-NZ,1.0,NOTSELECTED,Graduated,1489064001,diabetes awareness,Perl
8517,Android,18-24,0,ALL,Western-US-CA-EU-AU-NZ,2.0,NOTSELECTED,Graduated,1489064001,diabetes awareness,Perl
8518,Android,25-44,40,ALL,Western-US-CA-EU-AU-NZ,2.0,NOTSELECTED,Graduated,1489064001,diabetes awareness,Perl
8519,Android,45+,0,ALL,Western-US-CA-EU-AU-NZ,2.0,NOTSELECTED,Graduated,1489064001,diabetes awareness,Perl
8520,Android,18-24,0,ALL,Western-US-CA-EU-AU-NZ,1.0,NOTSELECTED,No Degree,1489064001,diabetes awareness,Perl
8521,Android,25-44,0,ALL,Western-US-CA-EU-AU-NZ,1.0,NOTSELECTED,No Degree,1489064001,diabetes awareness,Perl
8522,Android,45+,0,ALL,Western-US-CA-EU-AU-NZ,1.0,NOTSELECTED,No Degree,1489064001,diabetes awareness,Perl
8523,Android,18-24,0,ALL,Western-US-CA-EU-AU-NZ,2.0,NOTSELECTED,No Degree,1489064001,diabetes awareness,Perl
8524,Android,25-44,0,ALL,Western-US-CA-EU-AU-NZ,2.0,NOTSELECTED,No Degree,1489064001,diabetes awareness,Perl
8525,Android,45+,0,ALL,Western-US-CA-EU-AU-NZ,2.0,NOTSELECTED,No Degree,1489064001,diabetes awareness,Perl
8526,Android,18-24,0,ALL,Western-US-CA-EU-AU-NZ,1.0,NOTSELECTED,High School,1489064001,diabetes awareness,Perl
8527,Android,25-44,0,ALL,Western-US-CA-EU-AU-NZ,1.0,NOTSELECTED,High School,1489064001,diabetes awareness,Perl
8528,Android,45+,0,ALL,Western-US-CA-EU-AU-NZ,1.0,NOTSELECTED,High School,1489064001,diabetes awareness,Perl
8529,Android,18-24,0,ALL,Western-US-CA-EU-AU-NZ,2.0,NOTSELECTED,High School,1489064001,diabetes awareness,Perl
8530,Android,25-44,0,ALL,Western-US-CA-EU-AU-NZ,2.0,NOTSELECTED,High School,1489064001,diabetes awareness,Perl
8531,Android,45+,0,ALL,Western-US-CA-EU-AU-NZ,2.0,NOTSELECTED,High School,1489064001,diabetes awareness,Perl
8532,Android,18-24,0,ALL,Not Expats,1.0,NOTSELECTED,Graduated,1489064001,diabetes awareness,Perl
8533,Android,25-44,0,ALL,Not Expats,1.0,NOTSELECTED,Graduated,1489064001,diabetes awareness,Perl
8534,Android,45+,0,ALL,Not Expats,1.0,NOTSELECTED,Graduated,1489064001,diabetes awareness,Perl
8535,Android,18-24,40,ALL,Not Expats,2.0,NOTSELECTED,Graduated,1489064001,diabetes awareness,Perl
8536,Android,25-44,0,ALL,Not Expats,2.0,NOTSELECTED,Graduated,1489064001,diabetes awareness,Perl
8537,Android,45+,0,ALL,Not Expats,2.0,NOTSELECTED,Graduated,1489064001,diabetes awareness,Perl
8538,Android,18-24,0,ALL,Not Expats,1.0,NOTSELECTED,No Degree,1489064001,diabetes awareness,Perl
8539,Android,25-44,0,ALL,Not Expats,1.0,NOTSELECTED,No Degree,1489064001,diabetes awareness,Perl
8540,Android,45+,0,ALL,Not Expats,1.0,NOTSELECTED,No Degree,1489064001,diabetes awareness,Perl
8541,Android,18-24,0,ALL,Not Expats,2.0,NOTSELECTED,No Degree,1489064001,diabetes awareness,Perl
8542,Android,25-44,0,ALL,Not Expats,2.0,NOTSELECTED,No Degree,1489064001,diabetes awareness,Perl
8543,Android,45+,0,ALL,Not Expats,2.0,NOTSELECTED,No Degree,1489064001,diabetes awareness,Perl
8544,Android,18-24,0,ALL,Not Expats,1.0,NOTSELECTED,High School,1489064001,diabetes awareness,Perl
8545,Android,25-44,0,ALL,Not Expats,1.0,NOTSELECTED,High School,1489064001,diabetes awareness,Perl
8546,Android,45+,0,ALL,Not Expats,1.0,NOTSELECTED,High School,1489064001,diabetes awareness,Perl
8547,Android,18-24,0,ALL,Not Expats,2.0,NOTSELECTED,High School,1489064001,diabetes awareness,Perl
8548,Android,25-44,0,ALL,Not Expats,2.0,NOTSELECTED,High School,1489064001,diabetes awareness,Perl
8549,Android,45+,0,ALL,Not Expats,2.0,NOTSELECTED,High School,1489064001,diabetes awareness,Perl
8550,Android,18-24,0,ALL,Others,1.0,NOTSELECTED,Graduated,1489064001,diabetes awareness,Perl
8551,Android,25-44,0,ALL,Others,1.0,NOTSELECTED,Graduated,1489064001,diabetes awareness,Perl
8552,Android,45+,40,ALL,Others,1.0,NOTSELECTED,Graduated,1489064001,diabetes awareness,Perl
8553,Android,18-24,0,ALL,Others,2.0,NOTSELECTED,Graduated,1489064001,diabetes awareness,Perl
8554,Android,25-44,40,ALL,Others,2.0,NOTSELECTED,Graduated,1489064001,diabetes awareness,Perl
8555,Android,45+,0,ALL,Others,2.0,NOTSELECTED,Graduated,1489064001,diabetes awareness,Perl
8556,Android,18-24,0,ALL,Others,1.0,NOTSELECTED,No Degree,1489064001,diabetes awareness,Perl
8557,Android,25-44,0,ALL,Others,1.0,NOTSELECTED,No Degree,1489064001,diabetes awareness,Perl
8558,Android,45+,40,ALL,Others,1.0,NOTSELECTED,No Degree,1489064001,diabetes awareness,Perl
8559,Android,18-24,0,ALL,Others,2.0,NOTSELECTED,No Degree,1489064001,diabetes awareness,Perl
8560,Android,25-44,0,ALL,Others,2.0,NOTSELECTED,No Degree,1489064001,diabetes awareness,Perl
8561,Android,45+,0,ALL,Others,2.0,NOTSELECTED,No Degree,1489064001,diabetes awareness,Perl
8562,Android,18-24,0,ALL,Others,1.0,NOTSELECTED,High School,1489064001,diabetes awareness,Perl
8563,Android,25-44,0,ALL,Others,1.0,NOTSELECTED,High School,1489064001,diabetes awareness,Perl
8564,Android,45+,0,ALL,Others,1.0,NOTSELECTED,High School,1489064001,diabetes awareness,Perl
8565,Android,18-24,0,ALL,Others,2.0,NOTSELECTED,High School,1489064001,diabetes awareness,Perl
8566,Android,25-44,0,ALL,Others,2.0,NOTSELECTED,High School,1489064001,diabetes awareness,Perl
8567,Android,45+,0,ALL,Others,2.0,NOTSELECTED,High School,1489064001,diabetes awareness,Perl
8568,Other,18-24,0,ALL,India,1.0,NOTSELECTED,Graduated,1489064001,diabetes awareness,West Bay
8569,Other,25-44,0,ALL,India,1.0,NOTSELECTED,Graduated,1489064001,diabetes awareness,West Bay
8570,Other,45+,0,ALL,India,1.0,NOTSELECTED,Graduated,1489064001,diabetes awareness,West Bay
8571,Other,18-24,0,ALL,India,2.0,NOTSELECTED,Graduated,1489064001,diabetes awareness,West Bay
8572,Other,25-44,0,ALL,India,2.0,NOTSELECTED,Graduated,1489064001,diabetes awareness,West Bay
8573,Other,45+,0,ALL,India,2.0,NOTSELECTED,Graduated,1489064001,diabetes awareness,West Bay
8574,Other,18-24,0,ALL,India,1.0,NOTSELECTED,No Degree,1489064001,diabetes awareness,West Bay
8575,Other,25-44,0,ALL,India,1.0,NOTSELECTED,No Degree,1489064001,diabetes awareness,West Bay
8576,Other,45+,0,ALL,India,1.0,NOTSELECTED,No Degree,1489064001,diabetes awareness,West Bay
8577,Other,18-24,0,ALL,India,2.0,NOTSELECTED,No Degree,1489064001,diabetes awareness,West Bay
8578,Other,25-44,0,ALL,India,2.0,NOTSELECTED,No Degree,1489064001,diabetes awareness,West Bay
8579,Other,45+,0,ALL,India,2.0,NOTSELECTED,No Degree,1489064001,diabetes awareness,West Bay
8580,Other,18-24,0,ALL,India,1.0,NOTSELECTED,High School,1489064001,diabetes awareness,West Bay
8581,Other,25-44,0,ALL,India,1.0,NOTSELECTED,High School,1489064001,diabetes awareness,West Bay
8582,Other,45+,0,ALL,India,1.0,NOTSELECTED,High School,1489064001,diabetes awareness,West Bay
8583,Other,18-24,0,ALL,India,2.0,NOTSELECTED,High School,1489064001,diabetes awareness,West Bay
8584,Other,25-44,0,ALL,India,2.0,NOTSELECTED,High School,1489064001,diabetes awareness,West Bay
8585,Other,45+,0,ALL,India,2.0,NOTSELECTED,High School,1489064001,diabetes awareness,West Bay
8586,Other,18-24,0,ALL,Bangladesh,1.0,NOTSELECTED,Graduated,1489064001,diabetes awareness,West Bay
8587,Other,25-44,0,ALL,Bangladesh,1.0,NOTSELECTED,Graduated,1489064001,diabetes awareness,West Bay
8588,Other,45+,0,ALL,Bangladesh,1.0,NOTSELECTED,Graduated,1489064001,diabetes awareness,West Bay
8589,Other,18-24,0,ALL,Bangladesh,2.0,NOTSELECTED,Graduated,1489064001,diabetes awareness,West Bay
8590,Other,25-44,0,ALL,Bangladesh,2.0,NOTSELECTED,Graduated,1489064001,diabetes awareness,West Bay
8591,Other,45+,0,ALL,Bangladesh,2.0,NOTSELECTED,Graduated,1489064001,diabetes awareness,West Bay
8592,Other,18-24,0,ALL,Bangladesh,1.0,NOTSELECTED,No Degree,1489064001,diabetes awareness,West Bay
8593,Other,25-44,0,ALL,Bangladesh,1.0,NOTSELECTED,No Degree,1489064001,diabetes awareness,West Bay
8594,Other,45+,0,ALL,Bangladesh,1.0,NOTSELECTED,No Degree,1489064001,diabetes awareness,West Bay
8595,Other,18-24,0,ALL,Bangladesh,2.0,NOTSELECTED,No Degree,1489064001,diabetes awareness,West Bay
8596,Other,25-44,0,ALL,Bangladesh,2.0,NOTSELECTED,No Degree,1489064001,diabetes awareness,West Bay
8597,Other,45+,0,ALL,Bangladesh,2.0,NOTSELECTED,No Degree,1489064001,diabetes awareness,West Bay
8598,Other,18-24,0,ALL,Bangladesh,1.0,NOTSELECTED,High School,1489064001,diabetes awareness,West Bay
8599,Other,25-44,0,ALL,Bangladesh,1.0,NOTSELECTED,High School,1489064001,diabetes awareness,West Bay
8600,Other,45+,0,ALL,Bangladesh,1.0,NOTSELECTED,High School,1489064001,diabetes awareness,West Bay
8601,Other,18-24,0,ALL,Bangladesh,2.0,NOTSELECTED,High School,1489064001,diabetes awareness,West Bay
8602,Other,25-44,0,ALL,Bangladesh,2.0,NOTSELECTED,High School,1489064001,diabetes awareness,West Bay
8603,Other,45+,0,ALL,Bangladesh,2.0,NOTSELECTED,High School,1489064001,diabetes awareness,West Bay
8604,Other,18-24,0,ALL,Nepal,1.0,NOTSELECTED,Graduated,1489064001,diabetes awareness,West Bay
8605,Other,25-44,0,ALL,Nepal,1.0,NOTSELECTED,Graduated,1489064001,diabetes awareness,West Bay
8606,Other,45+,0,ALL,Nepal,1.0,NOTSELECTED,Graduated,1489064001,diabetes awareness,West Bay
8607,Other,18-24,0,ALL,Nepal,2.0,NOTSELECTED,Graduated,1489064001,diabetes awareness,West Bay
8608,Other,25-44,0,ALL,Nepal,2.0,NOTSELECTED,Graduated,1489064001,diabetes awareness,West Bay
8609,Other,45+,0,ALL,Nepal,2.0,NOTSELECTED,Graduated,1489064001,diabetes awareness,West Bay
8610,Other,18-24,0,ALL,Nepal,1.0,NOTSELECTED,No Degree,1489064001,diabetes awareness,West Bay
8611,Other,25-44,0,ALL,Nepal,1.0,NOTSELECTED,No Degree,1489064001,diabetes awareness,West Bay
8612,Other,45+,0,ALL,Nepal,1.0,NOTSELECTED,No Degree,1489064001,diabetes awareness,West Bay
8613,Other,18-24,0,ALL,Nepal,2.0,NOTSELECTED,No Degree,1489064001,diabetes awareness,West Bay
8614,Other,25-44,0,ALL,Nepal,2.0,NOTSELECTED,No Degree,1489064001,diabetes awareness,West Bay
8615,Other,45+,0,ALL,Nepal,2.0,NOTSELECTED,No Degree,1489064001,diabetes awareness,West Bay
8616,Other,18-24,0,ALL,Nepal,1.0,NOTSELECTED,High School,1489064001,diabetes awareness,West Bay
8617,Other,25-44,0,ALL,Nepal,1.0,NOTSELECTED,High School,1489064001,diabetes awareness,West Bay
8618,Other,45+,0,ALL,Nepal,1.0,NOTSELECTED,High School,1489064001,diabetes awareness,West Bay
8619,Other,18-24,0,ALL,Nepal,2.0,NOTSELECTED,High School,1489064001,diabetes awareness,West Bay
8620,Other,25-44,0,ALL,Nepal,2.0,NOTSELECTED,High School,1489064001,diabetes awareness,West Bay
8621,Other,45+,0,ALL,Nepal,2.0,NOTSELECTED,High School,1489064001,diabetes awareness,West Bay
8622,Other,18-24,0,ALL,Philippines,1.0,NOTSELECTED,Graduated,1489064001,diabetes awareness,West Bay
8623,Other,25-44,0,ALL,Philippines,1.0,NOTSELECTED,Graduated,1489064001,diabetes awareness,West Bay
8624,Other,45+,0,ALL,Philippines,1.0,NOTSELECTED,Graduated,1489064001,diabetes awareness,West Bay
8625,Other,18-24,0,ALL,Philippines,2.0,NOTSELECTED,Graduated,1489064001,diabetes awareness,West Bay
8626,Other,25-44,0,ALL,Philippines,2.0,NOTSELECTED,Graduated,1489064001,diabetes awareness,West Bay
8627,Other,45+,0,ALL,Philippines,2.0,NOTSELECTED,Graduated,1489064001,diabetes awareness,West Bay
8628,Other,18-24,0,ALL,Philippines,1.0,NOTSELECTED,No Degree,1489064001,diabetes awareness,West Bay
8629,Other,25-44,0,ALL,Philippines,1.0,NOTSELECTED,No Degree,1489064001,diabetes awareness,West Bay
8630,Other,45+,0,ALL,Philippines,1.0,NOTSELECTED,No Degree,1489064001,diabetes awareness,West Bay
8631,Other,18-24,0,ALL,Philippines,2.0,NOTSELECTED,No Degree,1489064001,diabetes awareness,West Bay
8632,Other,25-44,0,ALL,Philippines,2.0,NOTSELECTED,No Degree,1489064001,diabetes awareness,West Bay
8633,Other,45+,0,ALL,Philippines,2.0,NOTSELECTED,No Degree,1489064001,diabetes awareness,West Bay
8634,Other,18-24,0,ALL,Philippines,1.0,NOTSELECTED,High School,1489064001,diabetes awareness,West Bay
8635,Other,25-44,0,ALL,Philippines,1.0,NOTSELECTED,High School,1489064001,diabetes awareness,West Bay
8636,Other,45+,0,ALL,Philippines,1.0,NOTSELECTED,High School,1489064001,diabetes awareness,West Bay
8637,Other,18-24,0,ALL,Philippines,2.0,NOTSELECTED,High School,1489064001,diabetes awareness,West Bay
8638,Other,25-44,0,ALL,Philippines,2.0,NOTSELECTED,High School,1489064001,diabetes awareness,West Bay
8639,Other,45+,0,ALL,Philippines,2.0,NOTSELECTED,High School,1489064001,diabetes awareness,West Bay
8640,Other,18-24,0,ALL,Western-US-CA-EU-AU-NZ,1.0,NOTSELECTED,Graduated,1489064001,diabetes awareness,West Bay
8641,Other,25-44,0,ALL,Western-US-CA-EU-AU-NZ,1.0,NOTSELECTED,Graduated,1489064001,diabetes awareness,West Bay
8642,Other,45+,0,ALL,Western-US-CA-EU-AU-NZ,1.0,NOTSELECTED,Graduated,1489064001,diabetes awareness,West Bay
8643,Other,18-24,0,ALL,Western-US-CA-EU-AU-NZ,2.0,NOTSELECTED,Graduated,1489064001,diabetes awareness,West Bay
8644,Other,25-44,0,ALL,Western-US-CA-EU-AU-NZ,2.0,NOTSELECTED,Graduated,1489064001,diabetes awareness,West Bay
8645,Other,45+,0,ALL,Western-US-CA-EU-AU-NZ,2.0,NOTSELECTED,Graduated,1489064001,diabetes awareness,West Bay
8646,Other,18-24,0,ALL,Western-US-CA-EU-AU-NZ,1.0,NOTSELECTED,No Degree,1489064001,diabetes awareness,West Bay
8647,Other,25-44,0,ALL,Western-US-CA-EU-AU-NZ,1.0,NOTSELECTED,No Degree,1489064001,diabetes awareness,West Bay
8648,Other,45+,0,ALL,Western-US-CA-EU-AU-NZ,1.0,NOTSELECTED,No Degree,1489064001,diabetes awareness,West Bay
8649,Other,18-24,0,ALL,Western-US-CA-EU-AU-NZ,2.0,NOTSELECTED,No Degree,1489064001,diabetes awareness,West Bay
8650,Other,25-44,0,ALL,Western-US-CA-EU-AU-NZ,2.0,NOTSELECTED,No Degree,1489064001,diabetes awareness,West Bay
8651,Other,45+,0,ALL,Western-US-CA-EU-AU-NZ,2.0,NOTSELECTED,No Degree,1489064001,diabetes awareness,West Bay
8652,Other,18-24,0,ALL,Western-US-CA-EU-AU-NZ,1.0,NOTSELECTED,High School,1489064001,diabetes awareness,West Bay
8653,Other,25-44,0,ALL,Western-US-CA-EU-AU-NZ,1.0,NOTSELECTED,High School,1489064001,diabetes awareness,West Bay
8654,Other,45+,0,ALL,Western-US-CA-EU-AU-NZ,1.0,NOTSELECTED,High School,1489064001,diabetes awareness,West Bay
8655,Other,18-24,0,ALL,Western-US-CA-EU-AU-NZ,2.0,NOTSELECTED,High School,1489064001,diabetes awareness,West Bay
8656,Other,25-44,0,ALL,Western-US-CA-EU-AU-NZ,2.0,NOTSELECTED,High School,1489064001,diabetes awareness,West Bay
8657,Other,45+,0,ALL,Western-US-CA-EU-AU-NZ,2.0,NOTSELECTED,High School,1489064001,diabetes awareness,West Bay
8658,Other,18-24,0,ALL,Not Expats,1.0,NOTSELECTED,Graduated,1489064001,diabetes awareness,West Bay
8659,Other,25-44,0,ALL,Not Expats,1.0,NOTSELECTED,Graduated,1489064001,diabetes awareness,West Bay
8660,Other,45+,0,ALL,Not Expats,1.0,NOTSELECTED,Graduated,1489064001,diabetes awareness,West Bay
8661,Other,18-24,0,ALL,Not Expats,2.0,NOTSELECTED,Graduated,1489064001,diabetes awareness,West Bay
8662,Other,25-44,0,ALL,Not Expats,2.0,NOTSELECTED,Graduated,1489064001,diabetes awareness,West Bay
8663,Other,45+,0,ALL,Not Expats,2.0,NOTSELECTED,Graduated,1489064001,diabetes awareness,West Bay
8664,Other,18-24,0,ALL,Not Expats,1.0,NOTSELECTED,No Degree,1489064001,diabetes awareness,West Bay
8665,Other,25-44,0,ALL,Not Expats,1.0,NOTSELECTED,No Degree,1489064001,diabetes awareness,West Bay
8666,Other,45+,0,ALL,Not Expats,1.0,NOTSELECTED,No Degree,1489064001,diabetes awareness,West Bay
8667,Other,18-24,0,ALL,Not Expats,2.0,NOTSELECTED,No Degree,1489064001,diabetes awareness,West Bay
8668,Other,25-44,0,ALL,Not Expats,2.0,NOTSELECTED,No Degree,1489064001,diabetes awareness,West Bay
8669,Other,45+,0,ALL,Not Expats,2.0,NOTSELECTED,No Degree,1489064001,diabetes awareness,West Bay
8670,Other,18-24,0,ALL,Not Expats,1.0,NOTSELECTED,High School,1489064001,diabetes awareness,West Bay
8671,Other,25-44,0,ALL,Not Expats,1.0,NOTSELECTED,High School,1489064001,diabetes awareness,West Bay
8672,Other,45+,0,ALL,Not Expats,1.0,NOTSELECTED,High School,1489064001,diabetes awareness,West Bay
8673,Other,18-24,0,ALL,Not Expats,2.0,NOTSELECTED,High School,1489064001,diabetes awareness,West Bay
8674,Other,25-44,0,ALL,Not Expats,2.0,NOTSELECTED,High School,1489064001,diabetes awareness,West Bay
8675,Other,45+,0,ALL,Not Expats,2.0,NOTSELECTED,High School,1489064001,diabetes awareness,West Bay
8676,Other,18-24,0,ALL,Others,1.0,NOTSELECTED,Graduated,1489064001,diabetes awareness,West Bay
8677,Other,25-44,0,ALL,Others,1.0,NOTSELECTED,Graduated,1489064001,diabetes awareness,West Bay
8678,Other,45+,0,ALL,Others,1.0,NOTSELECTED,Graduated,1489064001,diabetes awareness,West Bay
8679,Other,18-24,0,ALL,Others,2.0,NOTSELECTED,Graduated,1489064001,diabetes awareness,West Bay
8680,Other,25-44,0,ALL,Others,2.0,NOTSELECTED,Graduated,1489064001,diabetes awareness,West Bay
8681,Other,45+,0,ALL,Others,2.0,NOTSELECTED,Graduated,1489064001,diabetes awareness,West Bay
8682,Other,18-24,0,ALL,Others,1.0,NOTSELECTED,No Degree,1489064001,diabetes awareness,West Bay
8683,Other,25-44,0,ALL,Others,1.0,NOTSELECTED,No Degree,1489064001,diabetes awareness,West Bay
8684,Other,45+,0,ALL,Others,1.0,NOTSELECTED,No Degree,1489064001,diabetes awareness,West Bay
8685,Other,18-24,0,ALL,Others,2.0,NOTSELECTED,No Degree,1489064001,diabetes awareness,West Bay
8686,Other,25-44,0,ALL,Others,2.0,NOTSELECTED,No Degree,1489064001,diabetes awareness,West Bay
8687,Other,45+,0,ALL,Others,2.0,NOTSELECTED,No Degree,1489064001,diabetes awareness,West Bay
8688,Other,18-24,0,ALL,Others,1.0,NOTSELECTED,High School,1489064001,diabetes awareness,West Bay
8689,Other,25-44,0,ALL,Others,1.0,NOTSELECTED,High School,1489064001,diabetes awareness,West Bay
8690,Other,45+,0,ALL,Others,1.0,NOTSELECTED,High School,1489064001,diabetes awareness,West Bay
8691,Other,18-24,0,ALL,Others,2.0,NOTSELECTED,High School,1489064001,diabetes awareness,West Bay
8692,Other,25-44,0,ALL,Others,2.0,NOTSELECTED,High School,1489064001,diabetes awareness,West Bay
8693,Other,45+,0,ALL,Others,2.0,NOTSELECTED,High School,1489064001,diabetes awareness,West Bay
8694,Other,18-24,0,ALL,India,1.0,NOTSELECTED,Graduated,1489064001,diabetes awareness,Labor City
8695,Other,25-44,0,ALL,India,1.0,NOTSELECTED,Graduated,1489064001,diabetes awareness,Labor City
8696,Other,45+,0,ALL,India,1.0,NOTSELECTED,Graduated,1489064001,diabetes awareness,Labor City
8697,Other,18-24,0,ALL,India,2.0,NOTSELECTED,Graduated,1489064001,diabetes awareness,Labor City
8698,Other,25-44,0,ALL,India,2.0,NOTSELECTED,Graduated,1489064001,diabetes awareness,Labor City
8699,Other,45+,0,ALL,India,2.0,NOTSELECTED,Graduated,1489064001,diabetes awareness,Labor City
8700,Other,18-24,0,ALL,India,1.0,NOTSELECTED,No Degree,1489064001,diabetes awareness,Labor City
8701,Other,25-44,0,ALL,India,1.0,NOTSELECTED,No Degree,1489064001,diabetes awareness,Labor City
8702,Other,45+,0,ALL,India,1.0,NOTSELECTED,No Degree,1489064001,diabetes awareness,Labor City
8703,Other,18-24,0,ALL,India,2.0,NOTSELECTED,No Degree,1489064001,diabetes awareness,Labor City
8704,Other,25-44,0,ALL,India,2.0,NOTSELECTED,No Degree,1489064001,diabetes awareness,Labor City
8705,Other,45+,0,ALL,India,2.0,NOTSELECTED,No Degree,1489064001,diabetes awareness,Labor City
8706,Other,18-24,0,ALL,India,1.0,NOTSELECTED,High School,1489064001,diabetes awareness,Labor City
8707,Other,25-44,0,ALL,India,1.0,NOTSELECTED,High School,1489064001,diabetes awareness,Labor City
8708,Other,45+,0,ALL,India,1.0,NOTSELECTED,High School,1489064001,diabetes awareness,Labor City
8709,Other,18-24,0,ALL,India,2.0,NOTSELECTED,High School,1489064001,diabetes awareness,Labor City
8710,Other,25-44,0,ALL,India,2.0,NOTSELECTED,High School,1489064001,diabetes awareness,Labor City
8711,Other,45+,0,ALL,India,2.0,NOTSELECTED,High School,1489064001,diabetes awareness,Labor City
8712,Other,18-24,0,ALL,Bangladesh,1.0,NOTSELECTED,Graduated,1489064001,diabetes awareness,Labor City
8713,Other,25-44,0,ALL,Bangladesh,1.0,NOTSELECTED,Graduated,1489064001,diabetes awareness,Labor City
8714,Other,45+,0,ALL,Bangladesh,1.0,NOTSELECTED,Graduated,1489064001,diabetes awareness,Labor City
8715,Other,18-24,0,ALL,Bangladesh,2.0,NOTSELECTED,Graduated,1489064001,diabetes awareness,Labor City
8716,Other,25-44,0,ALL,Bangladesh,2.0,NOTSELECTED,Graduated,1489064001,diabetes awareness,Labor City
8717,Other,45+,0,ALL,Bangladesh,2.0,NOTSELECTED,Graduated,1489064001,diabetes awareness,Labor City
8718,Other,18-24,0,ALL,Bangladesh,1.0,NOTSELECTED,No Degree,1489064001,diabetes awareness,Labor City
8719,Other,25-44,0,ALL,Bangladesh,1.0,NOTSELECTED,No Degree,1489064001,diabetes awareness,Labor City
8720,Other,45+,0,ALL,Bangladesh,1.0,NOTSELECTED,No Degree,1489064001,diabetes awareness,Labor City
8721,Other,18-24,0,ALL,Bangladesh,2.0,NOTSELECTED,No Degree,1489064001,diabetes awareness,Labor City
8722,Other,25-44,0,ALL,Bangladesh,2.0,NOTSELECTED,No Degree,1489064001,diabetes awareness,Labor City
8723,Other,45+,0,ALL,Bangladesh,2.0,NOTSELECTED,No Degree,1489064001,diabetes awareness,Labor City
8724,Other,18-24,0,ALL,Bangladesh,1.0,NOTSELECTED,High School,1489064001,diabetes awareness,Labor City
8725,Other,25-44,0,ALL,Bangladesh,1.0,NOTSELECTED,High School,1489064001,diabetes awareness,Labor City
8726,Other,45+,0,ALL,Bangladesh,1.0,NOTSELECTED,High School,1489064001,diabetes awareness,Labor City
8727,Other,18-24,0,ALL,Bangladesh,2.0,NOTSELECTED,High School,1489064001,diabetes awareness,Labor City
8728,Other,25-44,0,ALL,Bangladesh,2.0,NOTSELECTED,High School,1489064001,diabetes awareness,Labor City
8729,Other,45+,0,ALL,Bangladesh,2.0,NOTSELECTED,High School,1489064001,diabetes awareness,Labor City
8730,Other,18-24,0,ALL,Nepal,1.0,NOTSELECTED,Graduated,1489064001,diabetes awareness,Labor City
8731,Other,25-44,0,ALL,Nepal,1.0,NOTSELECTED,Graduated,1489064001,diabetes awareness,Labor City
8732,Other,45+,0,ALL,Nepal,1.0,NOTSELECTED,Graduated,1489064001,diabetes awareness,Labor City
8733,Other,18-24,0,ALL,Nepal,2.0,NOTSELECTED,Graduated,1489064001,diabetes awareness,Labor City
8734,Other,25-44,0,ALL,Nepal,2.0,NOTSELECTED,Graduated,1489064001,diabetes awareness,Labor City
8735,Other,45+,0,ALL,Nepal,2.0,NOTSELECTED,Graduated,1489064001,diabetes awareness,Labor City
8736,Other,18-24,0,ALL,Nepal,1.0,NOTSELECTED,No Degree,1489064001,diabetes awareness,Labor City
8737,Other,25-44,0,ALL,Nepal,1.0,NOTSELECTED,No Degree,1489064001,diabetes awareness,Labor City
8738,Other,45+,0,ALL,Nepal,1.0,NOTSELECTED,No Degree,1489064001,diabetes awareness,Labor City
8739,Other,18-24,0,ALL,Nepal,2.0,NOTSELECTED,No Degree,1489064001,diabetes awareness,Labor City
8740,Other,25-44,0,ALL,Nepal,2.0,NOTSELECTED,No Degree,1489064001,diabetes awareness,Labor City
8741,Other,45+,0,ALL,Nepal,2.0,NOTSELECTED,No Degree,1489064001,diabetes awareness,Labor City
8742,Other,18-24,0,ALL,Nepal,1.0,NOTSELECTED,High School,1489064001,diabetes awareness,Labor City
8743,Other,25-44,0,ALL,Nepal,1.0,NOTSELECTED,High School,1489064001,diabetes awareness,Labor City
8744,Other,45+,0,ALL,Nepal,1.0,NOTSELECTED,High School,1489064001,diabetes awareness,Labor City
8745,Other,18-24,0,ALL,Nepal,2.0,NOTSELECTED,High School,1489064001,diabetes awareness,Labor City
8746,Other,25-44,0,ALL,Nepal,2.0,NOTSELECTED,High School,1489064001,diabetes awareness,Labor City
8747,Other,45+,0,ALL,Nepal,2.0,NOTSELECTED,High School,1489064001,diabetes awareness,Labor City
8748,Other,18-24,0,ALL,Philippines,1.0,NOTSELECTED,Graduated,1489064001,diabetes awareness,Labor City
8749,Other,25-44,0,ALL,Philippines,1.0,NOTSELECTED,Graduated,1489064001,diabetes awareness,Labor City
8750,Other,45+,0,ALL,Philippines,1.0,NOTSELECTED,Graduated,1489064001,diabetes awareness,Labor City
8751,Other,18-24,0,ALL,Philippines,2.0,NOTSELECTED,Graduated,1489064001,diabetes awareness,Labor City
8752,Other,25-44,0,ALL,Philippines,2.0,NOTSELECTED,Graduated,1489064001,diabetes awareness,Labor City
8753,Other,45+,0,ALL,Philippines,2.0,NOTSELECTED,Graduated,1489064001,diabetes awareness,Labor City
8754,Other,18-24,0,ALL,Philippines,1.0,NOTSELECTED,No Degree,1489064001,diabetes awareness,Labor City
8755,Other,25-44,0,ALL,Philippines,1.0,NOTSELECTED,No Degree,1489064001,diabetes awareness,Labor City
8756,Other,45+,0,ALL,Philippines,1.0,NOTSELECTED,No Degree,1489064001,diabetes awareness,Labor City
8757,Other,18-24,0,ALL,Philippines,2.0,NOTSELECTED,No Degree,1489064001,diabetes awareness,Labor City
8758,Other,25-44,0,ALL,Philippines,2.0,NOTSELECTED,No Degree,1489064001,diabetes awareness,Labor City
8759,Other,45+,0,ALL,Philippines,2.0,NOTSELECTED,No Degree,1489064001,diabetes awareness,Labor City
8760,Other,18-24,0,ALL,Philippines,1.0,NOTSELECTED,High School,1489064001,diabetes awareness,Labor City
8761,Other,25-44,0,ALL,Philippines,1.0,NOTSELECTED,High School,1489064001,diabetes awareness,Labor City
8762,Other,45+,0,ALL,Philippines,1.0,NOTSELECTED,High School,1489064001,diabetes awareness,Labor City
8763,Other,18-24,0,ALL,Philippines,2.0,NOTSELECTED,High School,1489064001,diabetes awareness,Labor City
8764,Other,25-44,0,ALL,Philippines,2.0,NOTSELECTED,High School,1489064001,diabetes awareness,Labor City
8765,Other,45+,0,ALL,Philippines,2.0,NOTSELECTED,High School,1489064001,diabetes awareness,Labor City
8766,Other,18-24,0,ALL,Western-US-CA-EU-AU-NZ,1.0,NOTSELECTED,Graduated,1489064001,diabetes awareness,Labor City
8767,Other,25-44,0,ALL,Western-US-CA-EU-AU-NZ,1.0,NOTSELECTED,Graduated,1489064001,diabetes awareness,Labor City
8768,Other,45+,0,ALL,Western-US-CA-EU-AU-NZ,1.0,NOTSELECTED,Graduated,1489064001,diabetes awareness,Labor City
8769,Other,18-24,0,ALL,Western-US-CA-EU-AU-NZ,2.0,NOTSELECTED,Graduated,1489064001,diabetes awareness,Labor City
8770,Other,25-44,0,ALL,Western-US-CA-EU-AU-NZ,2.0,NOTSELECTED,Graduated,1489064001,diabetes awareness,Labor City
8771,Other,45+,0,ALL,Western-US-CA-EU-AU-NZ,2.0,NOTSELECTED,Graduated,1489064001,diabetes awareness,Labor City
8772,Other,18-24,0,ALL,Western-US-CA-EU-AU-NZ,1.0,NOTSELECTED,No Degree,1489064001,diabetes awareness,Labor City
8773,Other,25-44,0,ALL,Western-US-CA-EU-AU-NZ,1.0,NOTSELECTED,No Degree,1489064001,diabetes awareness,Labor City
8774,Other,45+,0,ALL,Western-US-CA-EU-AU-NZ,1.0,NOTSELECTED,No Degree,1489064001,diabetes awareness,Labor City
8775,Other,18-24,0,ALL,Western-US-CA-EU-AU-NZ,2.0,NOTSELECTED,No Degree,1489064001,diabetes awareness,Labor City
8776,Other,25-44,0,ALL,Western-US-CA-EU-AU-NZ,2.0,NOTSELECTED,No Degree,1489064001,diabetes awareness,Labor City
8777,Other,45+,0,ALL,Western-US-CA-EU-AU-NZ,2.0,NOTSELECTED,No Degree,1489064001,diabetes awareness,Labor City
8778,Other,18-24,0,ALL,Western-US-CA-EU-AU-NZ,1.0,NOTSELECTED,High School,1489064001,diabetes awareness,Labor City
8779,Other,25-44,0,ALL,Western-US-CA-EU-AU-NZ,1.0,NOTSELECTED,High School,1489064001,diabetes awareness,Labor City
8780,Other,45+,0,ALL,Western-US-CA-EU-AU-NZ,1.0,NOTSELECTED,High School,1489064001,diabetes awareness,Labor City
8781,Other,18-24,0,ALL,Western-US-CA-EU-AU-NZ,2.0,NOTSELECTED,High School,1489064001,diabetes awareness,Labor City
8782,Other,25-44,0,ALL,Western-US-CA-EU-AU-NZ,2.0,NOTSELECTED,High School,1489064001,diabetes awareness,Labor City
8783,Other,45+,0,ALL,Western-US-CA-EU-AU-NZ,2.0,NOTSELECTED,High School,1489064001,diabetes awareness,Labor City
8784,Other,18-24,0,ALL,Not Expats,1.0,NOTSELECTED,Graduated,1489064001,diabetes awareness,Labor City
8785,Other,25-44,0,ALL,Not Expats,1.0,NOTSELECTED,Graduated,1489064001,diabetes awareness,Labor City
8786,Other,45+,0,ALL,Not Expats,1.0,NOTSELECTED,Graduated,1489064001,diabetes awareness,Labor City
8787,Other,18-24,0,ALL,Not Expats,2.0,NOTSELECTED,Graduated,1489064001,diabetes awareness,Labor City
8788,Other,25-44,0,ALL,Not Expats,2.0,NOTSELECTED,Graduated,1489064001,diabetes awareness,Labor City
8789,Other,45+,0,ALL,Not Expats,2.0,NOTSELECTED,Graduated,1489064001,diabetes awareness,Labor City
8790,Other,18-24,0,ALL,Not Expats,1.0,NOTSELECTED,No Degree,1489064001,diabetes awareness,Labor City
8791,Other,25-44,0,ALL,Not Expats,1.0,NOTSELECTED,No Degree,1489064001,diabetes awareness,Labor City
8792,Other,45+,0,ALL,Not Expats,1.0,NOTSELECTED,No Degree,1489064001,diabetes awareness,Labor City
8793,Other,18-24,0,ALL,Not Expats,2.0,NOTSELECTED,No Degree,1489064001,diabetes awareness,Labor City
8794,Other,25-44,0,ALL,Not Expats,2.0,NOTSELECTED,No Degree,1489064001,diabetes awareness,Labor City
8795,Other,45+,0,ALL,Not Expats,2.0,NOTSELECTED,No Degree,1489064001,diabetes awareness,Labor City
8796,Other,18-24,0,ALL,Not Expats,1.0,NOTSELECTED,High School,1489064001,diabetes awareness,Labor City
8797,Other,25-44,0,ALL,Not Expats,1.0,NOTSELECTED,High School,1489064001,diabetes awareness,Labor City
8798,Other,45+,0,ALL,Not Expats,1.0,NOTSELECTED,High School,1489064001,diabetes awareness,Labor City
8799,Other,18-24,0,ALL,Not Expats,2.0,NOTSELECTED,High School,1489064001,diabetes awareness,Labor City
8800,Other,25-44,0,ALL,Not Expats,2.0,NOTSELECTED,High School,1489064001,diabetes awareness,Labor City
8801,Other,45+,0,ALL,Not Expats,2.0,NOTSELECTED,High School,1489064001,diabetes awareness,Labor City
8802,Other,18-24,0,ALL,Others,1.0,NOTSELECTED,Graduated,1489064001,diabetes awareness,Labor City
8803,Other,25-44,0,ALL,Others,1.0,NOTSELECTED,Graduated,1489064001,diabetes awareness,Labor City
8804,Other,45+,0,ALL,Others,1.0,NOTSELECTED,Graduated,1489064001,diabetes awareness,Labor City
8805,Other,18-24,0,ALL,Others,2.0,NOTSELECTED,Graduated,1489064001,diabetes awareness,Labor City
8806,Other,25-44,0,ALL,Others,2.0,NOTSELECTED,Graduated,1489064001,diabetes awareness,Labor City
8807,Other,45+,0,ALL,Others,2.0,NOTSELECTED,Graduated,1489064001,diabetes awareness,Labor City
8808,Other,18-24,0,ALL,Others,1.0,NOTSELECTED,No Degree,1489064001,diabetes awareness,Labor City
8809,Other,25-44,0,ALL,Others,1.0,NOTSELECTED,No Degree,1489064001,diabetes awareness,Labor City
8810,Other,45+,0,ALL,Others,1.0,NOTSELECTED,No Degree,1489064001,diabetes awareness,Labor City
8811,Other,18-24,0,ALL,Others,2.0,NOTSELECTED,No Degree,1489064001,diabetes awareness,Labor City
8812,Other,25-44,0,ALL,Others,2.0,NOTSELECTED,No Degree,1489064001,diabetes awareness,Labor City
8813,Other,45+,0,ALL,Others,2.0,NOTSELECTED,No Degree,1489064001,diabetes awareness,Labor City
8814,Other,18-24,0,ALL,Others,1.0,NOTSELECTED,High School,1489064001,diabetes awareness,Labor City
8815,Other,25-44,0,ALL,Others,1.0,NOTSELECTED,High School,1489064001,diabetes awareness,Labor City
8816,Other,45+,0,ALL,Others,1.0,NOTSELECTED,High School,1489064001,diabetes awareness,Labor City
8817,Other,18-24,0,ALL,Others,2.0,NOTSELECTED,High School,1489064001,diabetes awareness,Labor City
8818,Other,25-44,0,ALL,Others,2.0,NOTSELECTED,High School,1489064001,diabetes awareness,Labor City
8819,Other,45+,0,ALL,Others,2.0,NOTSELECTED,High School,1489064001,diabetes awareness,Labor City
8820,Other,18-24,0,ALL,India,1.0,NOTSELECTED,Graduated,1489064001,diabetes awareness,Educational City
8821,Other,25-44,0,ALL,India,1.0,NOTSELECTED,Graduated,1489064001,diabetes awareness,Educational City
8822,Other,45+,0,ALL,India,1.0,NOTSELECTED,Graduated,1489064001,diabetes awareness,Educational City
8823,Other,18-24,0,ALL,India,2.0,NOTSELECTED,Graduated,1489064001,diabetes awareness,Educational City
8824,Other,25-44,0,ALL,India,2.0,NOTSELECTED,Graduated,1489064001,diabetes awareness,Educational City
8825,Other,45+,0,ALL,India,2.0,NOTSELECTED,Graduated,1489064001,diabetes awareness,Educational City
8826,Other,18-24,0,ALL,India,1.0,NOTSELECTED,No Degree,1489064001,diabetes awareness,Educational City
8827,Other,25-44,0,ALL,India,1.0,NOTSELECTED,No Degree,1489064001,diabetes awareness,Educational City
8828,Other,45+,0,ALL,India,1.0,NOTSELECTED,No Degree,1489064001,diabetes awareness,Educational City
8829,Other,18-24,0,ALL,India,2.0,NOTSELECTED,No Degree,1489064001,diabetes awareness,Educational City
8830,Other,25-44,0,ALL,India,2.0,NOTSELECTED,No Degree,1489064001,diabetes awareness,Educational City
8831,Other,45+,0,ALL,India,2.0,NOTSELECTED,No Degree,1489064001,diabetes awareness,Educational City
8832,Other,18-24,0,ALL,India,1.0,NOTSELECTED,High School,1489064001,diabetes awareness,Educational City
8833,Other,25-44,0,ALL,India,1.0,NOTSELECTED,High School,1489064001,diabetes awareness,Educational City
8834,Other,45+,0,ALL,India,1.0,NOTSELECTED,High School,1489064001,diabetes awareness,Educational City
8835,Other,18-24,0,ALL,India,2.0,NOTSELECTED,High School,1489064001,diabetes awareness,Educational City
8836,Other,25-44,0,ALL,India,2.0,NOTSELECTED,High School,1489064001,diabetes awareness,Educational City
8837,Other,45+,0,ALL,India,2.0,NOTSELECTED,High School,1489064001,diabetes awareness,Educational City
8838,Other,18-24,0,ALL,Bangladesh,1.0,NOTSELECTED,Graduated,1489064001,diabetes awareness,Educational City
8839,Other,25-44,0,ALL,Bangladesh,1.0,NOTSELECTED,Graduated,1489064001,diabetes awareness,Educational City
8840,Other,45+,0,ALL,Bangladesh,1.0,NOTSELECTED,Graduated,1489064001,diabetes awareness,Educational City
8841,Other,18-24,0,ALL,Bangladesh,2.0,NOTSELECTED,Graduated,1489064001,diabetes awareness,Educational City
8842,Other,25-44,0,ALL,Bangladesh,2.0,NOTSELECTED,Graduated,1489064001,diabetes awareness,Educational City
8843,Other,45+,0,ALL,Bangladesh,2.0,NOTSELECTED,Graduated,1489064001,diabetes awareness,Educational City
8844,Other,18-24,0,ALL,Bangladesh,1.0,NOTSELECTED,No Degree,1489064001,diabetes awareness,Educational City
8845,Other,25-44,0,ALL,Bangladesh,1.0,NOTSELECTED,No Degree,1489064001,diabetes awareness,Educational City
8846,Other,45+,0,ALL,Bangladesh,1.0,NOTSELECTED,No Degree,1489064001,diabetes awareness,Educational City
8847,Other,18-24,0,ALL,Bangladesh,2.0,NOTSELECTED,No Degree,1489064001,diabetes awareness,Educational City
8848,Other,25-44,0,ALL,Bangladesh,2.0,NOTSELECTED,No Degree,1489064001,diabetes awareness,Educational City
8849,Other,45+,0,ALL,Bangladesh,2.0,NOTSELECTED,No Degree,1489064001,diabetes awareness,Educational City
8850,Other,18-24,0,ALL,Bangladesh,1.0,NOTSELECTED,High School,1489064001,diabetes awareness,Educational City
8851,Other,25-44,0,ALL,Bangladesh,1.0,NOTSELECTED,High School,1489064001,diabetes awareness,Educational City
8852,Other,45+,0,ALL,Bangladesh,1.0,NOTSELECTED,High School,1489064001,diabetes awareness,Educational City
8853,Other,18-24,0,ALL,Bangladesh,2.0,NOTSELECTED,High School,1489064001,diabetes awareness,Educational City
8854,Other,25-44,0,ALL,Bangladesh,2.0,NOTSELECTED,High School,1489064001,diabetes awareness,Educational City
8855,Other,45+,0,ALL,Bangladesh,2.0,NOTSELECTED,High School,1489064001,diabetes awareness,Educational City
8856,Other,18-24,0,ALL,Nepal,1.0,NOTSELECTED,Graduated,1489064001,diabetes awareness,Educational City
8857,Other,25-44,0,ALL,Nepal,1.0,NOTSELECTED,Graduated,1489064001,diabetes awareness,Educational City
8858,Other,45+,0,ALL,Nepal,1.0,NOTSELECTED,Graduated,1489064001,diabetes awareness,Educational City
8859,Other,18-24,0,ALL,Nepal,2.0,NOTSELECTED,Graduated,1489064001,diabetes awareness,Educational City
8860,Other,25-44,0,ALL,Nepal,2.0,NOTSELECTED,Graduated,1489064001,diabetes awareness,Educational City
8861,Other,45+,0,ALL,Nepal,2.0,NOTSELECTED,Graduated,1489064001,diabetes awareness,Educational City
8862,Other,18-24,0,ALL,Nepal,1.0,NOTSELECTED,No Degree,1489064001,diabetes awareness,Educational City
8863,Other,25-44,0,ALL,Nepal,1.0,NOTSELECTED,No Degree,1489064001,diabetes awareness,Educational City
8864,Other,45+,0,ALL,Nepal,1.0,NOTSELECTED,No Degree,1489064001,diabetes awareness,Educational City
8865,Other,18-24,0,ALL,Nepal,2.0,NOTSELECTED,No Degree,1489064001,diabetes awareness,Educational City
8866,Other,25-44,0,ALL,Nepal,2.0,NOTSELECTED,No Degree,1489064001,diabetes awareness,Educational City
8867,Other,45+,0,ALL,Nepal,2.0,NOTSELECTED,No Degree,1489064001,diabetes awareness,Educational City
8868,Other,18-24,0,ALL,Nepal,1.0,NOTSELECTED,High School,1489064001,diabetes awareness,Educational City
8869,Other,25-44,0,ALL,Nepal,1.0,NOTSELECTED,High School,1489064001,diabetes awareness,Educational City
8870,Other,45+,0,ALL,Nepal,1.0,NOTSELECTED,High School,1489064001,diabetes awareness,Educational City
8871,Other,18-24,0,ALL,Nepal,2.0,NOTSELECTED,High School,1489064001,diabetes awareness,Educational City
8872,Other,25-44,0,ALL,Nepal,2.0,NOTSELECTED,High School,1489064001,diabetes awareness,Educational City
8873,Other,45+,0,ALL,Nepal,2.0,NOTSELECTED,High School,1489064001,diabetes awareness,Educational City
8874,Other,18-24,0,ALL,Philippines,1.0,NOTSELECTED,Graduated,1489064001,diabetes awareness,Educational City
8875,Other,25-44,0,ALL,Philippines,1.0,NOTSELECTED,Graduated,1489064001,diabetes awareness,Educational City
8876,Other,45+,0,ALL,Philippines,1.0,NOTSELECTED,Graduated,1489064001,diabetes awareness,Educational City
8877,Other,18-24,0,ALL,Philippines,2.0,NOTSELECTED,Graduated,1489064001,diabetes awareness,Educational City
8878,Other,25-44,0,ALL,Philippines,2.0,NOTSELECTED,Graduated,1489064001,diabetes awareness,Educational City
8879,Other,45+,0,ALL,Philippines,2.0,NOTSELECTED,Graduated,1489064001,diabetes awareness,Educational City
8880,Other,18-24,0,ALL,Philippines,1.0,NOTSELECTED,No Degree,1489064001,diabetes awareness,Educational City
8881,Other,25-44,0,ALL,Philippines,1.0,NOTSELECTED,No Degree,1489064001,diabetes awareness,Educational City
8882,Other,45+,0,ALL,Philippines,1.0,NOTSELECTED,No Degree,1489064001,diabetes awareness,Educational City
8883,Other,18-24,0,ALL,Philippines,2.0,NOTSELECTED,No Degree,1489064001,diabetes awareness,Educational City
8884,Other,25-44,0,ALL,Philippines,2.0,NOTSELECTED,No Degree,1489064001,diabetes awareness,Educational City
8885,Other,45+,0,ALL,Philippines,2.0,NOTSELECTED,No Degree,1489064001,diabetes awareness,Educational City
8886,Other,18-24,0,ALL,Philippines,1.0,NOTSELECTED,High School,1489064001,diabetes awareness,Educational City
8887,Other,25-44,0,ALL,Philippines,1.0,NOTSELECTED,High School,1489064001,diabetes awareness,Educational City
8888,Other,45+,0,ALL,Philippines,1.0,NOTSELECTED,High School,1489064001,diabetes awareness,Educational City
8889,Other,18-24,0,ALL,Philippines,2.0,NOTSELECTED,High School,1489064001,diabetes awareness,Educational City
8890,Other,25-44,0,ALL,Philippines,2.0,NOTSELECTED,High School,1489064001,diabetes awareness,Educational City
8891,Other,45+,0,ALL,Philippines,2.0,NOTSELECTED,High School,1489064001,diabetes awareness,Educational City
8892,Other,18-24,0,ALL,Western-US-CA-EU-AU-NZ,1.0,NOTSELECTED,Graduated,1489064001,diabetes awareness,Educational City
8893,Other,25-44,0,ALL,Western-US-CA-EU-AU-NZ,1.0,NOTSELECTED,Graduated,1489064001,diabetes awareness,Educational City
8894,Other,45+,0,ALL,Western-US-CA-EU-AU-NZ,1.0,NOTSELECTED,Graduated,1489064001,diabetes awareness,Educational City
8895,Other,18-24,0,ALL,Western-US-CA-EU-AU-NZ,2.0,NOTSELECTED,Graduated,1489064001,diabetes awareness,Educational City
8896,Other,25-44,0,ALL,Western-US-CA-EU-AU-NZ,2.0,NOTSELECTED,Graduated,1489064001,diabetes awareness,Educational City
8897,Other,45+,0,ALL,Western-US-CA-EU-AU-NZ,2.0,NOTSELECTED,Graduated,1489064001,diabetes awareness,Educational City
8898,Other,18-24,0,ALL,Western-US-CA-EU-AU-NZ,1.0,NOTSELECTED,No Degree,1489064001,diabetes awareness,Educational City
8899,Other,25-44,0,ALL,Western-US-CA-EU-AU-NZ,1.0,NOTSELECTED,No Degree,1489064001,diabetes awareness,Educational City
8900,Other,45+,0,ALL,Western-US-CA-EU-AU-NZ,1.0,NOTSELECTED,No Degree,1489064001,diabetes awareness,Educational City
8901,Other,18-24,0,ALL,Western-US-CA-EU-AU-NZ,2.0,NOTSELECTED,No Degree,1489064001,diabetes awareness,Educational City
8902,Other,25-44,0,ALL,Western-US-CA-EU-AU-NZ,2.0,NOTSELECTED,No Degree,1489064001,diabetes awareness,Educational City
8903,Other,45+,0,ALL,Western-US-CA-EU-AU-NZ,2.0,NOTSELECTED,No Degree,1489064001,diabetes awareness,Educational City
8904,Other,18-24,0,ALL,Western-US-CA-EU-AU-NZ,1.0,NOTSELECTED,High School,1489064001,diabetes awareness,Educational City
8905,Other,25-44,0,ALL,Western-US-CA-EU-AU-NZ,1.0,NOTSELECTED,High School,1489064001,diabetes awareness,Educational City
8906,Other,45+,0,ALL,Western-US-CA-EU-AU-NZ,1.0,NOTSELECTED,High School,1489064001,diabetes awareness,Educational City
8907,Other,18-24,0,ALL,Western-US-CA-EU-AU-NZ,2.0,NOTSELECTED,High School,1489064001,diabetes awareness,Educational City
8908,Other,25-44,0,ALL,Western-US-CA-EU-AU-NZ,2.0,NOTSELECTED,High School,1489064001,diabetes awareness,Educational City
8909,Other,45+,0,ALL,Western-US-CA-EU-AU-NZ,2.0,NOTSELECTED,High School,1489064001,diabetes awareness,Educational City
8910,Other,18-24,0,ALL,Not Expats,1.0,NOTSELECTED,Graduated,1489064001,diabetes awareness,Educational City
8911,Other,25-44,0,ALL,Not Expats,1.0,NOTSELECTED,Graduated,1489064001,diabetes awareness,Educational City
8912,Other,45+,0,ALL,Not Expats,1.0,NOTSELECTED,Graduated,1489064001,diabetes awareness,Educational City
8913,Other,18-24,0,ALL,Not Expats,2.0,NOTSELECTED,Graduated,1489064001,diabetes awareness,Educational City
8914,Other,25-44,0,ALL,Not Expats,2.0,NOTSELECTED,Graduated,1489064001,diabetes awareness,Educational City
8915,Other,45+,0,ALL,Not Expats,2.0,NOTSELECTED,Graduated,1489064001,diabetes awareness,Educational City
8916,Other,18-24,0,ALL,Not Expats,1.0,NOTSELECTED,No Degree,1489064001,diabetes awareness,Educational City
8917,Other,25-44,0,ALL,Not Expats,1.0,NOTSELECTED,No Degree,1489064001,diabetes awareness,Educational City
8918,Other,45+,0,ALL,Not Expats,1.0,NOTSELECTED,No Degree,1489064001,diabetes awareness,Educational City
8919,Other,18-24,0,ALL,Not Expats,2.0,NOTSELECTED,No Degree,1489064001,diabetes awareness,Educational City
8920,Other,25-44,0,ALL,Not Expats,2.0,NOTSELECTED,No Degree,1489064001,diabetes awareness,Educational City
8921,Other,45+,0,ALL,Not Expats,2.0,NOTSELECTED,No Degree,1489064001,diabetes awareness,Educational City
8922,Other,18-24,0,ALL,Not Expats,1.0,NOTSELECTED,High School,1489064001,diabetes awareness,Educational City
8923,Other,25-44,0,ALL,Not Expats,1.0,NOTSELECTED,High School,1489064001,diabetes awareness,Educational City
8924,Other,45+,0,ALL,Not Expats,1.0,NOTSELECTED,High School,1489064001,diabetes awareness,Educational City
8925,Other,18-24,0,ALL,Not Expats,2.0,NOTSELECTED,High School,1489064001,diabetes awareness,Educational City
8926,Other,25-44,0,ALL,Not Expats,2.0,NOTSELECTED,High School,1489064001,diabetes awareness,Educational City
8927,Other,45+,0,ALL,Not Expats,2.0,NOTSELECTED,High School,1489064001,diabetes awareness,Educational City
8928,Other,18-24,0,ALL,Others,1.0,NOTSELECTED,Graduated,1489064001,diabetes awareness,Educational City
8929,Other,25-44,0,ALL,Others,1.0,NOTSELECTED,Graduated,1489064001,diabetes awareness,Educational City
8930,Other,45+,0,ALL,Others,1.0,NOTSELECTED,Graduated,1489064001,diabetes awareness,Educational City
8931,Other,18-24,0,ALL,Others,2.0,NOTSELECTED,Graduated,1489064001,diabetes awareness,Educational City
8932,Other,25-44,0,ALL,Others,2.0,NOTSELECTED,Graduated,1489064001,diabetes awareness,Educational City
8933,Other,45+,0,ALL,Others,2.0,NOTSELECTED,Graduated,1489064001,diabetes awareness,Educational City
8934,Other,18-24,0,ALL,Others,1.0,NOTSELECTED,No Degree,1489064001,diabetes awareness,Educational City
8935,Other,25-44,0,ALL,Others,1.0,NOTSELECTED,No Degree,1489064001,diabetes awareness,Educational City
8936,Other,45+,0,ALL,Others,1.0,NOTSELECTED,No Degree,1489064001,diabetes awareness,Educational City
8937,Other,18-24,0,ALL,Others,2.0,NOTSELECTED,No Degree,1489064001,diabetes awareness,Educational City
8938,Other,25-44,0,ALL,Others,2.0,NOTSELECTED,No Degree,1489064001,diabetes awareness,Educational City
8939,Other,45+,0,ALL,Others,2.0,NOTSELECTED,No Degree,1489064001,diabetes awareness,Educational City
8940,Other,18-24,0,ALL,Others,1.0,NOTSELECTED,High School,1489064001,diabetes awareness,Educational City
8941,Other,25-44,0,ALL,Others,1.0,NOTSELECTED,High School,1489064001,diabetes awareness,Educational City
8942,Other,45+,0,ALL,Others,1.0,NOTSELECTED,High School,1489064001,diabetes awareness,Educational City
8943,Other,18-24,0,ALL,Others,2.0,NOTSELECTED,High School,1489064001,diabetes awareness,Educational City
8944,Other,25-44,0,ALL,Others,2.0,NOTSELECTED,High School,1489064001,diabetes awareness,Educational City
8945,Other,45+,0,ALL,Others,2.0,NOTSELECTED,High School,1489064001,diabetes awareness,Educational City
8946,Other,18-24,0,ALL,India,1.0,NOTSELECTED,Graduated,1489064001,diabetes awareness,Perl
8947,Other,25-44,0,ALL,India,1.0,NOTSELECTED,Graduated,1489064001,diabetes awareness,Perl
8948,Other,45+,0,ALL,India,1.0,NOTSELECTED,Graduated,1489064001,diabetes awareness,Perl
8949,Other,18-24,0,ALL,India,2.0,NOTSELECTED,Graduated,1489064001,diabetes awareness,Perl
8950,Other,25-44,0,ALL,India,2.0,NOTSELECTED,Graduated,1489064001,diabetes awareness,Perl
8951,Other,45+,0,ALL,India,2.0,NOTSELECTED,Graduated,1489064001,diabetes awareness,Perl
8952,Other,18-24,0,ALL,India,1.0,NOTSELECTED,No Degree,1489064001,diabetes awareness,Perl
8953,Other,25-44,0,ALL,India,1.0,NOTSELECTED,No Degree,1489064001,diabetes awareness,Perl
8954,Other,45+,0,ALL,India,1.0,NOTSELECTED,No Degree,1489064001,diabetes awareness,Perl
8955,Other,18-24,0,ALL,India,2.0,NOTSELECTED,No Degree,1489064001,diabetes awareness,Perl
8956,Other,25-44,0,ALL,India,2.0,NOTSELECTED,No Degree,1489064001,diabetes awareness,Perl
8957,Other,45+,0,ALL,India,2.0,NOTSELECTED,No Degree,1489064001,diabetes awareness,Perl
8958,Other,18-24,0,ALL,India,1.0,NOTSELECTED,High School,1489064001,diabetes awareness,Perl
8959,Other,25-44,0,ALL,India,1.0,NOTSELECTED,High School,1489064001,diabetes awareness,Perl
8960,Other,45+,0,ALL,India,1.0,NOTSELECTED,High School,1489064001,diabetes awareness,Perl
8961,Other,18-24,0,ALL,India,2.0,NOTSELECTED,High School,1489064001,diabetes awareness,Perl
8962,Other,25-44,0,ALL,India,2.0,NOTSELECTED,High School,1489064001,diabetes awareness,Perl
8963,Other,45+,0,ALL,India,2.0,NOTSELECTED,High School,1489064001,diabetes awareness,Perl
8964,Other,18-24,0,ALL,Bangladesh,1.0,NOTSELECTED,Graduated,1489064001,diabetes awareness,Perl
8965,Other,25-44,0,ALL,Bangladesh,1.0,NOTSELECTED,Graduated,1489064001,diabetes awareness,Perl
8966,Other,45+,0,ALL,Bangladesh,1.0,NOTSELECTED,Graduated,1489064001,diabetes awareness,Perl
8967,Other,18-24,0,ALL,Bangladesh,2.0,NOTSELECTED,Graduated,1489064001,diabetes awareness,Perl
8968,Other,25-44,0,ALL,Bangladesh,2.0,NOTSELECTED,Graduated,1489064001,diabetes awareness,Perl
8969,Other,45+,0,ALL,Bangladesh,2.0,NOTSELECTED,Graduated,1489064001,diabetes awareness,Perl
8970,Other,18-24,0,ALL,Bangladesh,1.0,NOTSELECTED,No Degree,1489064001,diabetes awareness,Perl
8971,Other,25-44,0,ALL,Bangladesh,1.0,NOTSELECTED,No Degree,1489064001,diabetes awareness,Perl
8972,Other,45+,0,ALL,Bangladesh,1.0,NOTSELECTED,No Degree,1489064001,diabetes awareness,Perl
8973,Other,18-24,0,ALL,Bangladesh,2.0,NOTSELECTED,No Degree,1489064001,diabetes awareness,Perl
8974,Other,25-44,0,ALL,Bangladesh,2.0,NOTSELECTED,No Degree,1489064001,diabetes awareness,Perl
8975,Other,45+,0,ALL,Bangladesh,2.0,NOTSELECTED,No Degree,1489064001,diabetes awareness,Perl
8976,Other,18-24,0,ALL,Bangladesh,1.0,NOTSELECTED,High School,1489064001,diabetes awareness,Perl
8977,Other,25-44,0,ALL,Bangladesh,1.0,NOTSELECTED,High School,1489064001,diabetes awareness,Perl
8978,Other,45+,0,ALL,Bangladesh,1.0,NOTSELECTED,High School,1489064001,diabetes awareness,Perl
8979,Other,18-24,0,ALL,Bangladesh,2.0,NOTSELECTED,High School,1489064001,diabetes awareness,Perl
8980,Other,25-44,0,ALL,Bangladesh,2.0,NOTSELECTED,High School,1489064001,diabetes awareness,Perl
8981,Other,45+,0,ALL,Bangladesh,2.0,NOTSELECTED,High School,1489064001,diabetes awareness,Perl
8982,Other,18-24,0,ALL,Nepal,1.0,NOTSELECTED,Graduated,1489064001,diabetes awareness,Perl
8983,Other,25-44,0,ALL,Nepal,1.0,NOTSELECTED,Graduated,1489064001,diabetes awareness,Perl
8984,Other,45+,0,ALL,Nepal,1.0,NOTSELECTED,Graduated,1489064001,diabetes awareness,Perl
8985,Other,18-24,0,ALL,Nepal,2.0,NOTSELECTED,Graduated,1489064001,diabetes awareness,Perl
8986,Other,25-44,0,ALL,Nepal,2.0,NOTSELECTED,Graduated,1489064001,diabetes awareness,Perl
8987,Other,45+,0,ALL,Nepal,2.0,NOTSELECTED,Graduated,1489064001,diabetes awareness,Perl
8988,Other,18-24,0,ALL,Nepal,1.0,NOTSELECTED,No Degree,1489064001,diabetes awareness,Perl
8989,Other,25-44,0,ALL,Nepal,1.0,NOTSELECTED,No Degree,1489064001,diabetes awareness,Perl
8990,Other,45+,0,ALL,Nepal,1.0,NOTSELECTED,No Degree,1489064001,diabetes awareness,Perl
8991,Other,18-24,0,ALL,Nepal,2.0,NOTSELECTED,No Degree,1489064001,diabetes awareness,Perl
8992,Other,25-44,0,ALL,Nepal,2.0,NOTSELECTED,No Degree,1489064001,diabetes awareness,Perl
8993,Other,45+,0,ALL,Nepal,2.0,NOTSELECTED,No Degree,1489064001,diabetes awareness,Perl
8994,Other,18-24,0,ALL,Nepal,1.0,NOTSELECTED,High School,1489064001,diabetes awareness,Perl
8995,Other,25-44,0,ALL,Nepal,1.0,NOTSELECTED,High School,1489064001,diabetes awareness,Perl
8996,Other,45+,0,ALL,Nepal,1.0,NOTSELECTED,High School,1489064001,diabetes awareness,Perl
8997,Other,18-24,0,ALL,Nepal,2.0,NOTSELECTED,High School,1489064001,diabetes awareness,Perl
8998,Other,25-44,0,ALL,Nepal,2.0,NOTSELECTED,High School,1489064001,diabetes awareness,Perl
8999,Other,45+,0,ALL,Nepal,2.0,NOTSELECTED,High School,1489064001,diabetes awareness,Perl
9000,Other,18-24,0,ALL,Philippines,1.0,NOTSELECTED,Graduated,1489064001,diabetes awareness,Perl
9001,Other,25-44,0,ALL,Philippines,1.0,NOTSELECTED,Graduated,1489064001,diabetes awareness,Perl
9002,Other,45+,0,ALL,Philippines,1.0,NOTSELECTED,Graduated,1489064001,diabetes awareness,Perl
9003,Other,18-24,0,ALL,Philippines,2.0,NOTSELECTED,Graduated,1489064001,diabetes awareness,Perl
9004,Other,25-44,0,ALL,Philippines,2.0,NOTSELECTED,Graduated,1489064001,diabetes awareness,Perl
9005,Other,45+,0,ALL,Philippines,2.0,NOTSELECTED,Graduated,1489064001,diabetes awareness,Perl
9006,Other,18-24,0,ALL,Philippines,1.0,NOTSELECTED,No Degree,1489064001,diabetes awareness,Perl
9007,Other,25-44,0,ALL,Philippines,1.0,NOTSELECTED,No Degree,1489064001,diabetes awareness,Perl
9008,Other,45+,0,ALL,Philippines,1.0,NOTSELECTED,No Degree,1489064001,diabetes awareness,Perl
9009,Other,18-24,0,ALL,Philippines,2.0,NOTSELECTED,No Degree,1489064001,diabetes awareness,Perl
9010,Other,25-44,0,ALL,Philippines,2.0,NOTSELECTED,No Degree,1489064001,diabetes awareness,Perl
9011,Other,45+,0,ALL,Philippines,2.0,NOTSELECTED,No Degree,1489064001,diabetes awareness,Perl
9012,Other,18-24,0,ALL,Philippines,1.0,NOTSELECTED,High School,1489064001,diabetes awareness,Perl
9013,Other,25-44,0,ALL,Philippines,1.0,NOTSELECTED,High School,1489064001,diabetes awareness,Perl
9014,Other,45+,0,ALL,Philippines,1.0,NOTSELECTED,High School,1489064001,diabetes awareness,Perl
9015,Other,18-24,0,ALL,Philippines,2.0,NOTSELECTED,High School,1489064001,diabetes awareness,Perl
9016,Other,25-44,0,ALL,Philippines,2.0,NOTSELECTED,High School,1489064001,diabetes awareness,Perl
9017,Other,45+,0,ALL,Philippines,2.0,NOTSELECTED,High School,1489064001,diabetes awareness,Perl
9018,Other,18-24,0,ALL,Western-US-CA-EU-AU-NZ,1.0,NOTSELECTED,Graduated,1489064001,diabetes awareness,Perl
9019,Other,25-44,0,ALL,Western-US-CA-EU-AU-NZ,1.0,NOTSELECTED,Graduated,1489064001,diabetes awareness,Perl
9020,Other,45+,0,ALL,Western-US-CA-EU-AU-NZ,1.0,NOTSELECTED,Graduated,1489064001,diabetes awareness,Perl
9021,Other,18-24,0,ALL,Western-US-CA-EU-AU-NZ,2.0,NOTSELECTED,Graduated,1489064001,diabetes awareness,Perl
9022,Other,25-44,0,ALL,Western-US-CA-EU-AU-NZ,2.0,NOTSELECTED,Graduated,1489064001,diabetes awareness,Perl
9023,Other,45+,0,ALL,Western-US-CA-EU-AU-NZ,2.0,NOTSELECTED,Graduated,1489064001,diabetes awareness,Perl
9024,Other,18-24,0,ALL,Western-US-CA-EU-AU-NZ,1.0,NOTSELECTED,No Degree,1489064001,diabetes awareness,Perl
9025,Other,25-44,0,ALL,Western-US-CA-EU-AU-NZ,1.0,NOTSELECTED,No Degree,1489064001,diabetes awareness,Perl
9026,Other,45+,0,ALL,Western-US-CA-EU-AU-NZ,1.0,NOTSELECTED,No Degree,1489064001,diabetes awareness,Perl
9027,Other,18-24,0,ALL,Western-US-CA-EU-AU-NZ,2.0,NOTSELECTED,No Degree,1489064001,diabetes awareness,Perl
9028,Other,25-44,0,ALL,Western-US-CA-EU-AU-NZ,2.0,NOTSELECTED,No Degree,1489064001,diabetes awareness,Perl
9029,Other,45+,0,ALL,Western-US-CA-EU-AU-NZ,2.0,NOTSELECTED,No Degree,1489064001,diabetes awareness,Perl
9030,Other,18-24,0,ALL,Western-US-CA-EU-AU-NZ,1.0,NOTSELECTED,High School,1489064001,diabetes awareness,Perl
9031,Other,25-44,0,ALL,Western-US-CA-EU-AU-NZ,1.0,NOTSELECTED,High School,1489064001,diabetes awareness,Perl
9032,Other,45+,0,ALL,Western-US-CA-EU-AU-NZ,1.0,NOTSELECTED,High School,1489064001,diabetes awareness,Perl
9033,Other,18-24,0,ALL,Western-US-CA-EU-AU-NZ,2.0,NOTSELECTED,High School,1489064001,diabetes awareness,Perl
9034,Other,25-44,0,ALL,Western-US-CA-EU-AU-NZ,2.0,NOTSELECTED,High School,1489064001,diabetes awareness,Perl
9035,Other,45+,0,ALL,Western-US-CA-EU-AU-NZ,2.0,NOTSELECTED,High School,1489064001,diabetes awareness,Perl
9036,Other,18-24,0,ALL,Not Expats,1.0,NOTSELECTED,Graduated,1489064001,diabetes awareness,Perl
9037,Other,25-44,0,ALL,Not Expats,1.0,NOTSELECTED,Graduated,1489064001,diabetes awareness,Perl
9038,Other,45+,0,ALL,Not Expats,1.0,NOTSELECTED,Graduated,1489064001,diabetes awareness,Perl
9039,Other,18-24,0,ALL,Not Expats,2.0,NOTSELECTED,Graduated,1489064001,diabetes awareness,Perl
9040,Other,25-44,0,ALL,Not Expats,2.0,NOTSELECTED,Graduated,1489064001,diabetes awareness,Perl
9041,Other,45+,0,ALL,Not Expats,2.0,NOTSELECTED,Graduated,1489064001,diabetes awareness,Perl
9042,Other,18-24,0,ALL,Not Expats,1.0,NOTSELECTED,No Degree,1489064001,diabetes awareness,Perl
9043,Other,25-44,0,ALL,Not Expats,1.0,NOTSELECTED,No Degree,1489064001,diabetes awareness,Perl
9044,Other,45+,0,ALL,Not Expats,1.0,NOTSELECTED,No Degree,1489064001,diabetes awareness,Perl
9045,Other,18-24,0,ALL,Not Expats,2.0,NOTSELECTED,No Degree,1489064001,diabetes awareness,Perl
9046,Other,25-44,0,ALL,Not Expats,2.0,NOTSELECTED,No Degree,1489064001,diabetes awareness,Perl
9047,Other,45+,0,ALL,Not Expats,2.0,NOTSELECTED,No Degree,1489064001,diabetes awareness,Perl
9048,Other,18-24,0,ALL,Not Expats,1.0,NOTSELECTED,High School,1489064001,diabetes awareness,Perl
9049,Other,25-44,0,ALL,Not Expats,1.0,NOTSELECTED,High School,1489064001,diabetes awareness,Perl
9050,Other,45+,0,ALL,Not Expats,1.0,NOTSELECTED,High School,1489064001,diabetes awareness,Perl
9051,Other,18-24,0,ALL,Not Expats,2.0,NOTSELECTED,High School,1489064001,diabetes awareness,Perl
9052,Other,25-44,0,ALL,Not Expats,2.0,NOTSELECTED,High School,1489064001,diabetes awareness,Perl
9053,Other,45+,0,ALL,Not Expats,2.0,NOTSELECTED,High School,1489064001,diabetes awareness,Perl
9054,Other,18-24,0,ALL,Others,1.0,NOTSELECTED,Graduated,1489064001,diabetes awareness,Perl
9055,Other,25-44,0,ALL,Others,1.0,NOTSELECTED,Graduated,1489064001,diabetes awareness,Perl
9056,Other,45+,0,ALL,Others,1.0,NOTSELECTED,Graduated,1489064001,diabetes awareness,Perl
9057,Other,18-24,0,ALL,Others,2.0,NOTSELECTED,Graduated,1489064001,diabetes awareness,Perl
9058,Other,25-44,0,ALL,Others,2.0,NOTSELECTED,Graduated,1489064001,diabetes awareness,Perl
9059,Other,45+,0,ALL,Others,2.0,NOTSELECTED,Graduated,1489064001,diabetes awareness,Perl
9060,Other,18-24,0,ALL,Others,1.0,NOTSELECTED,No Degree,1489064001,diabetes awareness,Perl
9061,Other,25-44,0,ALL,Others,1.0,NOTSELECTED,No Degree,1489064001,diabetes awareness,Perl
9062,Other,45+,0,ALL,Others,1.0,NOTSELECTED,No Degree,1489064001,diabetes awareness,Perl
9063,Other,18-24,0,ALL,Others,2.0,NOTSELECTED,No Degree,1489064001,diabetes awareness,Perl
9064,Other,25-44,0,ALL,Others,2.0,NOTSELECTED,No Degree,1489064001,diabetes awareness,Perl
9065,Other,45+,0,ALL,Others,2.0,NOTSELECTED,No Degree,1489064001,diabetes awareness,Perl
9066,Other,18-24,0,ALL,Others,1.0,NOTSELECTED,High School,1489064001,diabetes awareness,Perl
9067,Other,25-44,0,ALL,Others,1.0,NOTSELECTED,High School,1489064001,diabetes awareness,Perl
9068,Other,45+,0,ALL,Others,1.0,NOTSELECTED,High School,1489064001,diabetes awareness,Perl
9069,Other,18-24,0,ALL,Others,2.0,NOTSELECTED,High School,1489064001,diabetes awareness,Perl
9070,Other,25-44,0,ALL,Others,2.0,NOTSELECTED,High School,1489064001,diabetes awareness,Perl
9071,Other,45+,0,ALL,Others,2.0,NOTSELECTED,High School,1489064001,diabetes awareness,Perl
15120,iOS,18-24,120,ALL,India,1.0,NOTSELECTED,Graduated,1489064001,mobile phones gadgets,West Bay
15121,iOS,25-44,1500,ALL,India,1.0,NOTSELECTED,Graduated,1489064001,mobile phones gadgets,West Bay
15122,iOS,45+,120,ALL,India,1.0,NOTSELECTED,Graduated,1489064001,mobile phones gadgets,West Bay
15123,iOS,18-24,0,ALL,India,2.0,NOTSELECTED,Graduated,1489064001,mobile phones gadgets,West Bay
15124,iOS,25-44,60,ALL,India,2.0,NOTSELECTED,Graduated,1489064001,mobile phones gadgets,West Bay
15125,iOS,45+,0,ALL,India,2.0,NOTSELECTED,Graduated,1489064001,mobile phones gadgets,West Bay
15126,iOS,18-24,0,ALL,India,1.0,NOTSELECTED,No Degree,1489064001,mobile phones gadgets,West Bay
15127,iOS,25-44,180,ALL,India,1.0,NOTSELECTED,No Degree,1489064001,mobile phones gadgets,West Bay
15128,iOS,45+,60,ALL,India,1.0,NOTSELECTED,No Degree,1489064001,mobile phones gadgets,West Bay
15129,iOS,18-24,0,ALL,India,2.0,NOTSELECTED,No Degree,1489064001,mobile phones gadgets,West Bay
15130,iOS,25-44,60,ALL,India,2.0,NOTSELECTED,No Degree,1489064001,mobile phones gadgets,West Bay
15131,iOS,45+,0,ALL,India,2.0,NOTSELECTED,No Degree,1489064001,mobile phones gadgets,West Bay
15132,iOS,18-24,60,ALL,India,1.0,NOTSELECTED,High School,1489064001,mobile phones gadgets,West Bay
15133,iOS,25-44,120,ALL,India,1.0,NOTSELECTED,High School,1489064001,mobile phones gadgets,West Bay
15134,iOS,45+,0,ALL,India,1.0,NOTSELECTED,High School,1489064001,mobile phones gadgets,West Bay
15135,iOS,18-24,0,ALL,India,2.0,NOTSELECTED,High School,1489064001,mobile phones gadgets,West Bay
15136,iOS,25-44,0,ALL,India,2.0,NOTSELECTED,High School,1489064001,mobile phones gadgets,West Bay
15137,iOS,45+,0,ALL,India,2.0,NOTSELECTED,High School,1489064001,mobile phones gadgets,West Bay
15138,iOS,18-24,0,ALL,Bangladesh,1.0,NOTSELECTED,Graduated,1489064001,mobile phones gadgets,West Bay
15139,iOS,25-44,120,ALL,Bangladesh,1.0,NOTSELECTED,Graduated,1489064001,mobile phones gadgets,West Bay
15140,iOS,45+,0,ALL,Bangladesh,1.0,NOTSELECTED,Graduated,1489064001,mobile phones gadgets,West Bay
15141,iOS,18-24,0,ALL,Bangladesh,2.0,NOTSELECTED,Graduated,1489064001,mobile phones gadgets,West Bay
15142,iOS,25-44,0,ALL,Bangladesh,2.0,NOTSELECTED,Graduated,1489064001,mobile phones gadgets,West Bay
15143,iOS,45+,0,ALL,Bangladesh,2.0,NOTSELECTED,Graduated,1489064001,mobile phones gadgets,West Bay
15144,iOS,18-24,0,ALL,Bangladesh,1.0,NOTSELECTED,No Degree,1489064001,mobile phones gadgets,West Bay
15145,iOS,25-44,0,ALL,Bangladesh,1.0,NOTSELECTED,No Degree,1489064001,mobile phones gadgets,West Bay
15146,iOS,45+,0,ALL,Bangladesh,1.0,NOTSELECTED,No Degree,1489064001,mobile phones gadgets,West Bay
15147,iOS,18-24,0,ALL,Bangladesh,2.0,NOTSELECTED,No Degree,1489064001,mobile phones gadgets,West Bay
15148,iOS,25-44,60,ALL,Bangladesh,2.0,NOTSELECTED,No Degree,1489064001,mobile phones gadgets,West Bay
15149,iOS,45+,0,ALL,Bangladesh,2.0,NOTSELECTED,No Degree,1489064001,mobile phones gadgets,West Bay
15150,iOS,18-24,0,ALL,Bangladesh,1.0,NOTSELECTED,High School,1489064001,mobile phones gadgets,West Bay
15151,iOS,25-44,0,ALL,Bangladesh,1.0,NOTSELECTED,High School,1489064001,mobile phones gadgets,West Bay
15152,iOS,45+,0,ALL,Bangladesh,1.0,NOTSELECTED,High School,1489064001,mobile phones gadgets,West Bay
15153,iOS,18-24,0,ALL,Bangladesh,2.0,NOTSELECTED,High School,1489064001,mobile phones gadgets,West Bay
15154,iOS,25-44,0,ALL,Bangladesh,2.0,NOTSELECTED,High School,1489064001,mobile phones gadgets,West Bay
15155,iOS,45+,0,ALL,Bangladesh,2.0,NOTSELECTED,High School,1489064001,mobile phones gadgets,West Bay
15156,iOS,18-24,60,ALL,Nepal,1.0,NOTSELECTED,Graduated,1489064001,mobile phones gadgets,West Bay
15157,iOS,25-44,180,ALL,Nepal,1.0,NOTSELECTED,Graduated,1489064001,mobile phones gadgets,West Bay
15158,iOS,45+,0,ALL,Nepal,1.0,NOTSELECTED,Graduated,1489064001,mobile phones gadgets,West Bay
15159,iOS,18-24,0,ALL,Nepal,2.0,NOTSELECTED,Graduated,1489064001,mobile phones gadgets,West Bay
15160,iOS,25-44,0,ALL,Nepal,2.0,NOTSELECTED,Graduated,1489064001,mobile phones gadgets,West Bay
15161,iOS,45+,0,ALL,Nepal,2.0,NOTSELECTED,Graduated,1489064001,mobile phones gadgets,West Bay
15162,iOS,18-24,120,ALL,Nepal,1.0,NOTSELECTED,No Degree,1489064001,mobile phones gadgets,West Bay
15163,iOS,25-44,60,ALL,Nepal,1.0,NOTSELECTED,No Degree,1489064001,mobile phones gadgets,West Bay
15164,iOS,45+,0,ALL,Nepal,1.0,NOTSELECTED,No Degree,1489064001,mobile phones gadgets,West Bay
15165,iOS,18-24,60,ALL,Nepal,2.0,NOTSELECTED,No Degree,1489064001,mobile phones gadgets,West Bay
15166,iOS,25-44,0,ALL,Nepal,2.0,NOTSELECTED,No Degree,1489064001,mobile phones gadgets,West Bay
15167,iOS,45+,0,ALL,Nepal,2.0,NOTSELECTED,No Degree,1489064001,mobile phones gadgets,West Bay
15168,iOS,18-24,0,ALL,Nepal,1.0,NOTSELECTED,High School,1489064001,mobile phones gadgets,West Bay
15169,iOS,25-44,60,ALL,Nepal,1.0,NOTSELECTED,High School,1489064001,mobile phones gadgets,West Bay
15170,iOS,45+,0,ALL,Nepal,1.0,NOTSELECTED,High School,1489064001,mobile phones gadgets,West Bay
15171,iOS,18-24,0,ALL,Nepal,2.0,NOTSELECTED,High School,1489064001,mobile phones gadgets,West Bay
15172,iOS,25-44,0,ALL,Nepal,2.0,NOTSELECTED,High School,1489064001,mobile phones gadgets,West Bay
15173,iOS,45+,0,ALL,Nepal,2.0,NOTSELECTED,High School,1489064001,mobile phones gadgets,West Bay
15174,iOS,18-24,120,ALL,Philippines,1.0,NOTSELECTED,Graduated,1489064001,mobile phones gadgets,West Bay
15175,iOS,25-44,910,ALL,Philippines,1.0,NOTSELECTED,Graduated,1489064001,mobile phones gadgets,West Bay
15176,iOS,45+,180,ALL,Philippines,1.0,NOTSELECTED,Graduated,1489064001,mobile phones gadgets,West Bay
15177,iOS,18-24,60,ALL,Philippines,2.0,NOTSELECTED,Graduated,1489064001,mobile phones gadgets,West Bay
15178,iOS,25-44,1700,ALL,Philippines,2.0,NOTSELECTED,Graduated,1489064001,mobile phones gadgets,West Bay
15179,iOS,45+,120,ALL,Philippines,2.0,NOTSELECTED,Graduated,1489064001,mobile phones gadgets,West Bay
15180,iOS,18-24,60,ALL,Philippines,1.0,NOTSELECTED,No Degree,1489064001,mobile phones gadgets,West Bay
15181,iOS,25-44,120,ALL,Philippines,1.0,NOTSELECTED,No Degree,1489064001,mobile phones gadgets,West Bay
15182,iOS,45+,120,ALL,Philippines,1.0,NOTSELECTED,No Degree,1489064001,mobile phones gadgets,West Bay
15183,iOS,18-24,60,ALL,Philippines,2.0,NOTSELECTED,No Degree,1489064001,mobile phones gadgets,West Bay
15184,iOS,25-44,300,ALL,Philippines,2.0,NOTSELECTED,No Degree,1489064001,mobile phones gadgets,West Bay
15185,iOS,45+,60,ALL,Philippines,2.0,NOTSELECTED,No Degree,1489064001,mobile phones gadgets,West Bay
15186,iOS,18-24,60,ALL,Philippines,1.0,NOTSELECTED,High School,1489064001,mobile phones gadgets,West Bay
15187,iOS,25-44,360,ALL,Philippines,1.0,NOTSELECTED,High School,1489064001,mobile phones gadgets,West Bay
15188,iOS,45+,120,ALL,Philippines,1.0,NOTSELECTED,High School,1489064001,mobile phones gadgets,West Bay
15189,iOS,18-24,120,ALL,Philippines,2.0,NOTSELECTED,High School,1489064001,mobile phones gadgets,West Bay
15190,iOS,25-44,180,ALL,Philippines,2.0,NOTSELECTED,High School,1489064001,mobile phones gadgets,West Bay
15191,iOS,45+,0,ALL,Philippines,2.0,NOTSELECTED,High School,1489064001,mobile phones gadgets,West Bay
15192,iOS,18-24,60,ALL,Western-US-CA-EU-AU-NZ,1.0,NOTSELECTED,Graduated,1489064001,mobile phones gadgets,West Bay
15193,iOS,25-44,1500,ALL,Western-US-CA-EU-AU-NZ,1.0,NOTSELECTED,Graduated,1489064001,mobile phones gadgets,West Bay
15194,iOS,45+,240,ALL,Western-US-CA-EU-AU-NZ,1.0,NOTSELECTED,Graduated,1489064001,mobile phones gadgets,West Bay
15195,iOS,18-24,120,ALL,Western-US-CA-EU-AU-NZ,2.0,NOTSELECTED,Graduated,1489064001,mobile phones gadgets,West Bay
15196,iOS,25-44,1100,ALL,Western-US-CA-EU-AU-NZ,2.0,NOTSELECTED,Graduated,1489064001,mobile phones gadgets,West Bay
15197,iOS,45+,300,ALL,Western-US-CA-EU-AU-NZ,2.0,NOTSELECTED,Graduated,1489064001,mobile phones gadgets,West Bay
15198,iOS,18-24,0,ALL,Western-US-CA-EU-AU-NZ,1.0,NOTSELECTED,No Degree,1489064001,mobile phones gadgets,West Bay
15199,iOS,25-44,60,ALL,Western-US-CA-EU-AU-NZ,1.0,NOTSELECTED,No Degree,1489064001,mobile phones gadgets,West Bay
15200,iOS,45+,360,ALL,Western-US-CA-EU-AU-NZ,1.0,NOTSELECTED,No Degree,1489064001,mobile phones gadgets,West Bay
15201,iOS,18-24,0,ALL,Western-US-CA-EU-AU-NZ,2.0,NOTSELECTED,No Degree,1489064001,mobile phones gadgets,West Bay
15202,iOS,25-44,240,ALL,Western-US-CA-EU-AU-NZ,2.0,NOTSELECTED,No Degree,1489064001,mobile phones gadgets,West Bay
15203,iOS,45+,180,ALL,Western-US-CA-EU-AU-NZ,2.0,NOTSELECTED,No Degree,1489064001,mobile phones gadgets,West Bay
15204,iOS,18-24,0,ALL,Western-US-CA-EU-AU-NZ,1.0,NOTSELECTED,High School,1489064001,mobile phones gadgets,West Bay
15205,iOS,25-44,60,ALL,Western-US-CA-EU-AU-NZ,1.0,NOTSELECTED,High School,1489064001,mobile phones gadgets,West Bay
15206,iOS,45+,480,ALL,Western-US-CA-EU-AU-NZ,1.0,NOTSELECTED,High School,1489064001,mobile phones gadgets,West Bay
15207,iOS,18-24,0,ALL,Western-US-CA-EU-AU-NZ,2.0,NOTSELECTED,High School,1489064001,mobile phones gadgets,West Bay
15208,iOS,25-44,0,ALL,Western-US-CA-EU-AU-NZ,2.0,NOTSELECTED,High School,1489064001,mobile phones gadgets,West Bay
15209,iOS,45+,120,ALL,Western-US-CA-EU-AU-NZ,2.0,NOTSELECTED,High School,1489064001,mobile phones gadgets,West Bay
15210,iOS,18-24,60,ALL,Not Expats,1.0,NOTSELECTED,Graduated,1489064001,mobile phones gadgets,West Bay
15211,iOS,25-44,90,ALL,Not Expats,1.0,NOTSELECTED,Graduated,1489064001,mobile phones gadgets,West Bay
15212,iOS,45+,180,ALL,Not Expats,1.0,NOTSELECTED,Graduated,1489064001,mobile phones gadgets,West Bay
15213,iOS,18-24,180,ALL,Not Expats,2.0,NOTSELECTED,Graduated,1489064001,mobile phones gadgets,West Bay
15214,iOS,25-44,240,ALL,Not Expats,2.0,NOTSELECTED,Graduated,1489064001,mobile phones gadgets,West Bay
15215,iOS,45+,0,ALL,Not Expats,2.0,NOTSELECTED,Graduated,1489064001,mobile phones gadgets,West Bay
15216,iOS,18-24,240,ALL,Not Expats,1.0,NOTSELECTED,No Degree,1489064001,mobile phones gadgets,West Bay
15217,iOS,25-44,550,ALL,Not Expats,1.0,NOTSELECTED,No Degree,1489064001,mobile phones gadgets,West Bay
15218,iOS,45+,120,ALL,Not Expats,1.0,NOTSELECTED,No Degree,1489064001,mobile phones gadgets,West Bay
15219,iOS,18-24,0,ALL,Not Expats,2.0,NOTSELECTED,No Degree,1489064001,mobile phones gadgets,West Bay
15220,iOS,25-44,0,ALL,Not Expats,2.0,NOTSELECTED,No Degree,1489064001,mobile phones gadgets,West Bay
15221,iOS,45+,0,ALL,Not Expats,2.0,NOTSELECTED,No Degree,1489064001,mobile phones gadgets,West Bay
15222,iOS,18-24,0,ALL,Not Expats,1.0,NOTSELECTED,High School,1489064001,mobile phones gadgets,West Bay
15223,iOS,25-44,120,ALL,Not Expats,1.0,NOTSELECTED,High School,1489064001,mobile phones gadgets,West Bay
15224,iOS,45+,0,ALL,Not Expats,1.0,NOTSELECTED,High School,1489064001,mobile phones gadgets,West Bay
15225,iOS,18-24,0,ALL,Not Expats,2.0,NOTSELECTED,High School,1489064001,mobile phones gadgets,West Bay
15226,iOS,25-44,0,ALL,Not Expats,2.0,NOTSELECTED,High School,1489064001,mobile phones gadgets,West Bay
15227,iOS,45+,60,ALL,Not Expats,2.0,NOTSELECTED,High School,1489064001,mobile phones gadgets,West Bay
15228,iOS,18-24,180,ALL,Others,1.0,NOTSELECTED,Graduated,1489064001,mobile phones gadgets,West Bay
15229,iOS,25-44,4500,ALL,Others,1.0,NOTSELECTED,Graduated,1489064001,mobile phones gadgets,West Bay
15230,iOS,45+,1000,ALL,Others,1.0,NOTSELECTED,Graduated,1489064001,mobile phones gadgets,West Bay
15231,iOS,18-24,360,ALL,Others,2.0,NOTSELECTED,Graduated,1489064001,mobile phones gadgets,West Bay
15232,iOS,25-44,2100,ALL,Others,2.0,NOTSELECTED,Graduated,1489064001,mobile phones gadgets,West Bay
15233,iOS,45+,240,ALL,Others,2.0,NOTSELECTED,Graduated,1489064001,mobile phones gadgets,West Bay
15234,iOS,18-24,0,ALL,Others,1.0,NOTSELECTED,No Degree,1489064001,mobile phones gadgets,West Bay
15235,iOS,25-44,670,ALL,Others,1.0,NOTSELECTED,No Degree,1489064001,mobile phones gadgets,West Bay
15236,iOS,45+,120,ALL,Others,1.0,NOTSELECTED,No Degree,1489064001,mobile phones gadgets,West Bay
15237,iOS,18-24,180,ALL,Others,2.0,NOTSELECTED,No Degree,1489064001,mobile phones gadgets,West Bay
15238,iOS,25-44,670,ALL,Others,2.0,NOTSELECTED,No Degree,1489064001,mobile phones gadgets,West Bay
15239,iOS,45+,60,ALL,Others,2.0,NOTSELECTED,No Degree,1489064001,mobile phones gadgets,West Bay
15240,iOS,18-24,120,ALL,Others,1.0,NOTSELECTED,High School,1489064001,mobile phones gadgets,West Bay
15241,iOS,25-44,480,ALL,Others,1.0,NOTSELECTED,High School,1489064001,mobile phones gadgets,West Bay
15242,iOS,45+,300,ALL,Others,1.0,NOTSELECTED,High School,1489064001,mobile phones gadgets,West Bay
15243,iOS,18-24,180,ALL,Others,2.0,NOTSELECTED,High School,1489064001,mobile phones gadgets,West Bay
15244,iOS,25-44,300,ALL,Others,2.0,NOTSELECTED,High School,1489064001,mobile phones gadgets,West Bay
15245,iOS,45+,0,ALL,Others,2.0,NOTSELECTED,High School,1489064001,mobile phones gadgets,West Bay
15246,iOS,18-24,80,ALL,India,1.0,NOTSELECTED,Graduated,1489064001,mobile phones gadgets,Labor City
15247,iOS,25-44,750,ALL,India,1.0,NOTSELECTED,Graduated,1489064001,mobile phones gadgets,Labor City
15248,iOS,45+,40,ALL,India,1.0,NOTSELECTED,Graduated,1489064001,mobile phones gadgets,Labor City
15249,iOS,18-24,0,ALL,India,2.0,NOTSELECTED,Graduated,1489064001,mobile phones gadgets,Labor City
15250,iOS,25-44,0,ALL,India,2.0,NOTSELECTED,Graduated,1489064001,mobile phones gadgets,Labor City
15251,iOS,45+,0,ALL,India,2.0,NOTSELECTED,Graduated,1489064001,mobile phones gadgets,Labor City
15252,iOS,18-24,0,ALL,India,1.0,NOTSELECTED,No Degree,1489064001,mobile phones gadgets,Labor City
15253,iOS,25-44,0,ALL,India,1.0,NOTSELECTED,No Degree,1489064001,mobile phones gadgets,Labor City
15254,iOS,45+,40,ALL,India,1.0,NOTSELECTED,No Degree,1489064001,mobile phones gadgets,Labor City
15255,iOS,18-24,0,ALL,India,2.0,NOTSELECTED,No Degree,1489064001,mobile phones gadgets,Labor City
15256,iOS,25-44,0,ALL,India,2.0,NOTSELECTED,No Degree,1489064001,mobile phones gadgets,Labor City
15257,iOS,45+,0,ALL,India,2.0,NOTSELECTED,No Degree,1489064001,mobile phones gadgets,Labor City
15258,iOS,18-24,0,ALL,India,1.0,NOTSELECTED,High School,1489064001,mobile phones gadgets,Labor City
15259,iOS,25-44,60,ALL,India,1.0,NOTSELECTED,High School,1489064001,mobile phones gadgets,Labor City
15260,iOS,45+,40,ALL,India,1.0,NOTSELECTED,High School,1489064001,mobile phones gadgets,Labor City
15261,iOS,18-24,0,ALL,India,2.0,NOTSELECTED,High School,1489064001,mobile phones gadgets,Labor City
15262,iOS,25-44,0,ALL,India,2.0,NOTSELECTED,High School,1489064001,mobile phones gadgets,Labor City
15263,iOS,45+,0,ALL,India,2.0,NOTSELECTED,High School,1489064001,mobile phones gadgets,Labor City
15264,iOS,18-24,0,ALL,Bangladesh,1.0,NOTSELECTED,Graduated,1489064001,mobile phones gadgets,Labor City
15265,iOS,25-44,0,ALL,Bangladesh,1.0,NOTSELECTED,Graduated,1489064001,mobile phones gadgets,Labor City
15266,iOS,45+,0,ALL,Bangladesh,1.0,NOTSELECTED,Graduated,1489064001,mobile phones gadgets,Labor City
15267,iOS,18-24,0,ALL,Bangladesh,2.0,NOTSELECTED,Graduated,1489064001,mobile phones gadgets,Labor City
15268,iOS,25-44,0,ALL,Bangladesh,2.0,NOTSELECTED,Graduated,1489064001,mobile phones gadgets,Labor City
15269,iOS,45+,0,ALL,Bangladesh,2.0,NOTSELECTED,Graduated,1489064001,mobile phones gadgets,Labor City
15270,iOS,18-24,0,ALL,Bangladesh,1.0,NOTSELECTED,No Degree,1489064001,mobile phones gadgets,Labor City
15271,iOS,25-44,80,ALL,Bangladesh,1.0,NOTSELECTED,No Degree,1489064001,mobile phones gadgets,Labor City
15272,iOS,45+,0,ALL,Bangladesh,1.0,NOTSELECTED,No Degree,1489064001,mobile phones gadgets,Labor City
15273,iOS,18-24,0,ALL,Bangladesh,2.0,NOTSELECTED,No Degree,1489064001,mobile phones gadgets,Labor City
15274,iOS,25-44,0,ALL,Bangladesh,2.0,NOTSELECTED,No Degree,1489064001,mobile phones gadgets,Labor City
15275,iOS,45+,0,ALL,Bangladesh,2.0,NOTSELECTED,No Degree,1489064001,mobile phones gadgets,Labor City
15276,iOS,18-24,0,ALL,Bangladesh,1.0,NOTSELECTED,High School,1489064001,mobile phones gadgets,Labor City
15277,iOS,25-44,0,ALL,Bangladesh,1.0,NOTSELECTED,High School,1489064001,mobile phones gadgets,Labor City
15278,iOS,45+,0,ALL,Bangladesh,1.0,NOTSELECTED,High School,1489064001,mobile phones gadgets,Labor City
15279,iOS,18-24,0,ALL,Bangladesh,2.0,NOTSELECTED,High School,1489064001,mobile phones gadgets,Labor City
15280,iOS,25-44,0,ALL,Bangladesh,2.0,NOTSELECTED,High School,1489064001,mobile phones gadgets,Labor City
15281,iOS,45+,0,ALL,Bangladesh,2.0,NOTSELECTED,High School,1489064001,mobile phones gadgets,Labor City
15282,iOS,18-24,120,ALL,Nepal,1.0,NOTSELECTED,Graduated,1489064001,mobile phones gadgets,Labor City
15283,iOS,25-44,190,ALL,Nepal,1.0,NOTSELECTED,Graduated,1489064001,mobile phones gadgets,Labor City
15284,iOS,45+,0,ALL,Nepal,1.0,NOTSELECTED,Graduated,1489064001,mobile phones gadgets,Labor City
15285,iOS,18-24,0,ALL,Nepal,2.0,NOTSELECTED,Graduated,1489064001,mobile phones gadgets,Labor City
15286,iOS,25-44,0,ALL,Nepal,2.0,NOTSELECTED,Graduated,1489064001,mobile phones gadgets,Labor City
15287,iOS,45+,0,ALL,Nepal,2.0,NOTSELECTED,Graduated,1489064001,mobile phones gadgets,Labor City
15288,iOS,18-24,0,ALL,Nepal,1.0,NOTSELECTED,No Degree,1489064001,mobile phones gadgets,Labor City
15289,iOS,25-44,80,ALL,Nepal,1.0,NOTSELECTED,No Degree,1489064001,mobile phones gadgets,Labor City
15290,iOS,45+,0,ALL,Nepal,1.0,NOTSELECTED,No Degree,1489064001,mobile phones gadgets,Labor City
15291,iOS,18-24,0,ALL,Nepal,2.0,NOTSELECTED,No Degree,1489064001,mobile phones gadgets,Labor City
15292,iOS,25-44,0,ALL,Nepal,2.0,NOTSELECTED,No Degree,1489064001,mobile phones gadgets,Labor City
15293,iOS,45+,0,ALL,Nepal,2.0,NOTSELECTED,No Degree,1489064001,mobile phones gadgets,Labor City
15294,iOS,18-24,40,ALL,Nepal,1.0,NOTSELECTED,High School,1489064001,mobile phones gadgets,Labor City
15295,iOS,25-44,0,ALL,Nepal,1.0,NOTSELECTED,High School,1489064001,mobile phones gadgets,Labor City
15296,iOS,45+,0,ALL,Nepal,1.0,NOTSELECTED,High School,1489064001,mobile phones gadgets,Labor City
15297,iOS,18-24,0,ALL,Nepal,2.0,NOTSELECTED,High School,1489064001,mobile phones gadgets,Labor City
15298,iOS,25-44,0,ALL,Nepal,2.0,NOTSELECTED,High School,1489064001,mobile phones gadgets,Labor City
15299,iOS,45+,0,ALL,Nepal,2.0,NOTSELECTED,High School,1489064001,mobile phones gadgets,Labor City
15300,iOS,18-24,0,ALL,Philippines,1.0,NOTSELECTED,Graduated,1489064001,mobile phones gadgets,Labor City
15301,iOS,25-44,120,ALL,Philippines,1.0,NOTSELECTED,Graduated,1489064001,mobile phones gadgets,Labor City
15302,iOS,45+,60,ALL,Philippines,1.0,NOTSELECTED,Graduated,1489064001,mobile phones gadgets,Labor City
15303,iOS,18-24,0,ALL,Philippines,2.0,NOTSELECTED,Graduated,1489064001,mobile phones gadgets,Labor City
15304,iOS,25-44,170,ALL,Philippines,2.0,NOTSELECTED,Graduated,1489064001,mobile phones gadgets,Labor City
15305,iOS,45+,0,ALL,Philippines,2.0,NOTSELECTED,Graduated,1489064001,mobile phones gadgets,Labor City
15306,iOS,18-24,0,ALL,Philippines,1.0,NOTSELECTED,No Degree,1489064001,mobile phones gadgets,Labor City
15307,iOS,25-44,60,ALL,Philippines,1.0,NOTSELECTED,No Degree,1489064001,mobile phones gadgets,Labor City
15308,iOS,45+,0,ALL,Philippines,1.0,NOTSELECTED,No Degree,1489064001,mobile phones gadgets,Labor City
15309,iOS,18-24,0,ALL,Philippines,2.0,NOTSELECTED,No Degree,1489064001,mobile phones gadgets,Labor City
15310,iOS,25-44,0,ALL,Philippines,2.0,NOTSELECTED,No Degree,1489064001,mobile phones gadgets,Labor City
15311,iOS,45+,0,ALL,Philippines,2.0,NOTSELECTED,No Degree,1489064001,mobile phones gadgets,Labor City
15312,iOS,18-24,0,ALL,Philippines,1.0,NOTSELECTED,High School,1489064001,mobile phones gadgets,Labor City
15313,iOS,25-44,60,ALL,Philippines,1.0,NOTSELECTED,High School,1489064001,mobile phones gadgets,Labor City
15314,iOS,45+,0,ALL,Philippines,1.0,NOTSELECTED,High School,1489064001,mobile phones gadgets,Labor City
15315,iOS,18-24,0,ALL,Philippines,2.0,NOTSELECTED,High School,1489064001,mobile phones gadgets,Labor City
15316,iOS,25-44,0,ALL,Philippines,2.0,NOTSELECTED,High School,1489064001,mobile phones gadgets,Labor City
15317,iOS,45+,0,ALL,Philippines,2.0,NOTSELECTED,High School,1489064001,mobile phones gadgets,Labor City
15318,iOS,18-24,40,ALL,Western-US-CA-EU-AU-NZ,1.0,NOTSELECTED,Graduated,1489064001,mobile phones gadgets,Labor City
15319,iOS,25-44,60,ALL,Western-US-CA-EU-AU-NZ,1.0,NOTSELECTED,Graduated,1489064001,mobile phones gadgets,Labor City
15320,iOS,45+,0,ALL,Western-US-CA-EU-AU-NZ,1.0,NOTSELECTED,Graduated,1489064001,mobile phones gadgets,Labor City
15321,iOS,18-24,0,ALL,Western-US-CA-EU-AU-NZ,2.0,NOTSELECTED,Graduated,1489064001,mobile phones gadgets,Labor City
15322,iOS,25-44,0,ALL,Western-US-CA-EU-AU-NZ,2.0,NOTSELECTED,Graduated,1489064001,mobile phones gadgets,Labor City
15323,iOS,45+,0,ALL,Western-US-CA-EU-AU-NZ,2.0,NOTSELECTED,Graduated,1489064001,mobile phones gadgets,Labor City
15324,iOS,18-24,0,ALL,Western-US-CA-EU-AU-NZ,1.0,NOTSELECTED,No Degree,1489064001,mobile phones gadgets,Labor City
15325,iOS,25-44,0,ALL,Western-US-CA-EU-AU-NZ,1.0,NOTSELECTED,No Degree,1489064001,mobile phones gadgets,Labor City
15326,iOS,45+,0,ALL,Western-US-CA-EU-AU-NZ,1.0,NOTSELECTED,No Degree,1489064001,mobile phones gadgets,Labor City
15327,iOS,18-24,0,ALL,Western-US-CA-EU-AU-NZ,2.0,NOTSELECTED,No Degree,1489064001,mobile phones gadgets,Labor City
15328,iOS,25-44,0,ALL,Western-US-CA-EU-AU-NZ,2.0,NOTSELECTED,No Degree,1489064001,mobile phones gadgets,Labor City
15329,iOS,45+,0,ALL,Western-US-CA-EU-AU-NZ,2.0,NOTSELECTED,No Degree,1489064001,mobile phones gadgets,Labor City
15330,iOS,18-24,0,ALL,Western-US-CA-EU-AU-NZ,1.0,NOTSELECTED,High School,1489064001,mobile phones gadgets,Labor City
15331,iOS,25-44,0,ALL,Western-US-CA-EU-AU-NZ,1.0,NOTSELECTED,High School,1489064001,mobile phones gadgets,Labor City
15332,iOS,45+,0,ALL,Western-US-CA-EU-AU-NZ,1.0,NOTSELECTED,High School,1489064001,mobile phones gadgets,Labor City
15333,iOS,18-24,0,ALL,Western-US-CA-EU-AU-NZ,2.0,NOTSELECTED,High School,1489064001,mobile phones gadgets,Labor City
15334,iOS,25-44,0,ALL,Western-US-CA-EU-AU-NZ,2.0,NOTSELECTED,High School,1489064001,mobile phones gadgets,Labor City
15335,iOS,45+,0,ALL,Western-US-CA-EU-AU-NZ,2.0,NOTSELECTED,High School,1489064001,mobile phones gadgets,Labor City
15336,iOS,18-24,0,ALL,Not Expats,1.0,NOTSELECTED,Graduated,1489064001,mobile phones gadgets,Labor City
15337,iOS,25-44,150,ALL,Not Expats,1.0,NOTSELECTED,Graduated,1489064001,mobile phones gadgets,Labor City
15338,iOS,45+,0,ALL,Not Expats,1.0,NOTSELECTED,Graduated,1489064001,mobile phones gadgets,Labor City
15339,iOS,18-24,0,ALL,Not Expats,2.0,NOTSELECTED,Graduated,1489064001,mobile phones gadgets,Labor City
15340,iOS,25-44,0,ALL,Not Expats,2.0,NOTSELECTED,Graduated,1489064001,mobile phones gadgets,Labor City
15341,iOS,45+,0,ALL,Not Expats,2.0,NOTSELECTED,Graduated,1489064001,mobile phones gadgets,Labor City
15342,iOS,18-24,0,ALL,Not Expats,1.0,NOTSELECTED,No Degree,1489064001,mobile phones gadgets,Labor City
15343,iOS,25-44,60,ALL,Not Expats,1.0,NOTSELECTED,No Degree,1489064001,mobile phones gadgets,Labor City
15344,iOS,45+,0,ALL,Not Expats,1.0,NOTSELECTED,No Degree,1489064001,mobile phones gadgets,Labor City
15345,iOS,18-24,0,ALL,Not Expats,2.0,NOTSELECTED,No Degree,1489064001,mobile phones gadgets,Labor City
15346,iOS,25-44,0,ALL,Not Expats,2.0,NOTSELECTED,No Degree,1489064001,mobile phones gadgets,Labor City
15347,iOS,45+,0,ALL,Not Expats,2.0,NOTSELECTED,No Degree,1489064001,mobile phones gadgets,Labor City
15348,iOS,18-24,0,ALL,Not Expats,1.0,NOTSELECTED,High School,1489064001,mobile phones gadgets,Labor City
15349,iOS,25-44,0,ALL,Not Expats,1.0,NOTSELECTED,High School,1489064001,mobile phones gadgets,Labor City
15350,iOS,45+,0,ALL,Not Expats,1.0,NOTSELECTED,High School,1489064001,mobile phones gadgets,Labor City
15351,iOS,18-24,0,ALL,Not Expats,2.0,NOTSELECTED,High School,1489064001,mobile phones gadgets,Labor City
15352,iOS,25-44,0,ALL,Not Expats,2.0,NOTSELECTED,High School,1489064001,mobile phones gadgets,Labor City
15353,iOS,45+,0,ALL,Not Expats,2.0,NOTSELECTED,High School,1489064001,mobile phones gadgets,Labor City
15354,iOS,18-24,80,ALL,Others,1.0,NOTSELECTED,Graduated,1489064001,mobile phones gadgets,Labor City
15355,iOS,25-44,620,ALL,Others,1.0,NOTSELECTED,Graduated,1489064001,mobile phones gadgets,Labor City
15356,iOS,45+,0,ALL,Others,1.0,NOTSELECTED,Graduated,1489064001,mobile phones gadgets,Labor City
15357,iOS,18-24,0,ALL,Others,2.0,NOTSELECTED,Graduated,1489064001,mobile phones gadgets,Labor City
15358,iOS,25-44,150,ALL,Others,2.0,NOTSELECTED,Graduated,1489064001,mobile phones gadgets,Labor City
15359,iOS,45+,40,ALL,Others,2.0,NOTSELECTED,Graduated,1489064001,mobile phones gadgets,Labor City
15360,iOS,18-24,60,ALL,Others,1.0,NOTSELECTED,No Degree,1489064001,mobile phones gadgets,Labor City
15361,iOS,25-44,80,ALL,Others,1.0,NOTSELECTED,No Degree,1489064001,mobile phones gadgets,Labor City
15362,iOS,45+,0,ALL,Others,1.0,NOTSELECTED,No Degree,1489064001,mobile phones gadgets,Labor City
15363,iOS,18-24,0,ALL,Others,2.0,NOTSELECTED,No Degree,1489064001,mobile phones gadgets,Labor City
15364,iOS,25-44,0,ALL,Others,2.0,NOTSELECTED,No Degree,1489064001,mobile phones gadgets,Labor City
15365,iOS,45+,0,ALL,Others,2.0,NOTSELECTED,No Degree,1489064001,mobile phones gadgets,Labor City
15366,iOS,18-24,0,ALL,Others,1.0,NOTSELECTED,High School,1489064001,mobile phones gadgets,Labor City
15367,iOS,25-44,80,ALL,Others,1.0,NOTSELECTED,High School,1489064001,mobile phones gadgets,Labor City
15368,iOS,45+,0,ALL,Others,1.0,NOTSELECTED,High School,1489064001,mobile phones gadgets,Labor City
15369,iOS,18-24,40,ALL,Others,2.0,NOTSELECTED,High School,1489064001,mobile phones gadgets,Labor City
15370,iOS,25-44,0,ALL,Others,2.0,NOTSELECTED,High School,1489064001,mobile phones gadgets,Labor City
15371,iOS,45+,0,ALL,Others,2.0,NOTSELECTED,High School,1489064001,mobile phones gadgets,Labor City
15372,iOS,18-24,150,ALL,India,1.0,NOTSELECTED,Graduated,1489064001,mobile phones gadgets,Educational City
15373,iOS,25-44,530,ALL,India,1.0,NOTSELECTED,Graduated,1489064001,mobile phones gadgets,Educational City
15374,iOS,45+,30,ALL,India,1.0,NOTSELECTED,Graduated,1489064001,mobile phones gadgets,Educational City
15375,iOS,18-24,0,ALL,India,2.0,NOTSELECTED,Graduated,1489064001,mobile phones gadgets,Educational City
15376,iOS,25-44,0,ALL,India,2.0,NOTSELECTED,Graduated,1489064001,mobile phones gadgets,Educational City
15377,iOS,45+,30,ALL,India,2.0,NOTSELECTED,Graduated,1489064001,mobile phones gadgets,Educational City
15378,iOS,18-24,0,ALL,India,1.0,NOTSELECTED,No Degree,1489064001,mobile phones gadgets,Educational City
15379,iOS,25-44,60,ALL,India,1.0,NOTSELECTED,No Degree,1489064001,mobile phones gadgets,Educational City
15380,iOS,45+,30,ALL,India,1.0,NOTSELECTED,No Degree,1489064001,mobile phones gadgets,Educational City
15381,iOS,18-24,0,ALL,India,2.0,NOTSELECTED,No Degree,1489064001,mobile phones gadgets,Educational City
15382,iOS,25-44,0,ALL,India,2.0,NOTSELECTED,No Degree,1489064001,mobile phones gadgets,Educational City
15383,iOS,45+,0,ALL,India,2.0,NOTSELECTED,No Degree,1489064001,mobile phones gadgets,Educational City
15384,iOS,18-24,0,ALL,India,1.0,NOTSELECTED,High School,1489064001,mobile phones gadgets,Educational City
15385,iOS,25-44,60,ALL,India,1.0,NOTSELECTED,High School,1489064001,mobile phones gadgets,Educational City
15386,iOS,45+,60,ALL,India,1.0,NOTSELECTED,High School,1489064001,mobile phones gadgets,Educational City
15387,iOS,18-24,30,ALL,India,2.0,NOTSELECTED,High School,1489064001,mobile phones gadgets,Educational City
15388,iOS,25-44,0,ALL,India,2.0,NOTSELECTED,High School,1489064001,mobile phones gadgets,Educational City
15389,iOS,45+,0,ALL,India,2.0,NOTSELECTED,High School,1489064001,mobile phones gadgets,Educational City
15390,iOS,18-24,30,ALL,Bangladesh,1.0,NOTSELECTED,Graduated,1489064001,mobile phones gadgets,Educational City
15391,iOS,25-44,150,ALL,Bangladesh,1.0,NOTSELECTED,Graduated,1489064001,mobile phones gadgets,Educational City
15392,iOS,45+,0,ALL,Bangladesh,1.0,NOTSELECTED,Graduated,1489064001,mobile phones gadgets,Educational City
15393,iOS,18-24,0,ALL,Bangladesh,2.0,NOTSELECTED,Graduated,1489064001,mobile phones gadgets,Educational City
15394,iOS,25-44,0,ALL,Bangladesh,2.0,NOTSELECTED,Graduated,1489064001,mobile phones gadgets,Educational City
15395,iOS,45+,0,ALL,Bangladesh,2.0,NOTSELECTED,Graduated,1489064001,mobile phones gadgets,Educational City
15396,iOS,18-24,30,ALL,Bangladesh,1.0,NOTSELECTED,No Degree,1489064001,mobile phones gadgets,Educational City
15397,iOS,25-44,30,ALL,Bangladesh,1.0,NOTSELECTED,No Degree,1489064001,mobile phones gadgets,Educational City
15398,iOS,45+,0,ALL,Bangladesh,1.0,NOTSELECTED,No Degree,1489064001,mobile phones gadgets,Educational City
15399,iOS,18-24,0,ALL,Bangladesh,2.0,NOTSELECTED,No Degree,1489064001,mobile phones gadgets,Educational City
15400,iOS,25-44,0,ALL,Bangladesh,2.0,NOTSELECTED,No Degree,1489064001,mobile phones gadgets,Educational City
15401,iOS,45+,0,ALL,Bangladesh,2.0,NOTSELECTED,No Degree,1489064001,mobile phones gadgets,Educational City
15402,iOS,18-24,60,ALL,Bangladesh,1.0,NOTSELECTED,High School,1489064001,mobile phones gadgets,Educational City
15403,iOS,25-44,0,ALL,Bangladesh,1.0,NOTSELECTED,High School,1489064001,mobile phones gadgets,Educational City
15404,iOS,45+,0,ALL,Bangladesh,1.0,NOTSELECTED,High School,1489064001,mobile phones gadgets,Educational City
15405,iOS,18-24,0,ALL,Bangladesh,2.0,NOTSELECTED,High School,1489064001,mobile phones gadgets,Educational City
15406,iOS,25-44,0,ALL,Bangladesh,2.0,NOTSELECTED,High School,1489064001,mobile phones gadgets,Educational City
15407,iOS,45+,0,ALL,Bangladesh,2.0,NOTSELECTED,High School,1489064001,mobile phones gadgets,Educational City
15408,iOS,18-24,0,ALL,Nepal,1.0,NOTSELECTED,Graduated,1489064001,mobile phones gadgets,Educational City
15409,iOS,25-44,90,ALL,Nepal,1.0,NOTSELECTED,Graduated,1489064001,mobile phones gadgets,Educational City
15410,iOS,45+,0,ALL,Nepal,1.0,NOTSELECTED,Graduated,1489064001,mobile phones gadgets,Educational City
15411,iOS,18-24,0,ALL,Nepal,2.0,NOTSELECTED,Graduated,1489064001,mobile phones gadgets,Educational City
15412,iOS,25-44,0,ALL,Nepal,2.0,NOTSELECTED,Graduated,1489064001,mobile phones gadgets,Educational City
15413,iOS,45+,0,ALL,Nepal,2.0,NOTSELECTED,Graduated,1489064001,mobile phones gadgets,Educational City
15414,iOS,18-24,30,ALL,Nepal,1.0,NOTSELECTED,No Degree,1489064001,mobile phones gadgets,Educational City
15415,iOS,25-44,0,ALL,Nepal,1.0,NOTSELECTED,No Degree,1489064001,mobile phones gadgets,Educational City
15416,iOS,45+,0,ALL,Nepal,1.0,NOTSELECTED,No Degree,1489064001,mobile phones gadgets,Educational City
15417,iOS,18-24,0,ALL,Nepal,2.0,NOTSELECTED,No Degree,1489064001,mobile phones gadgets,Educational City
15418,iOS,25-44,0,ALL,Nepal,2.0,NOTSELECTED,No Degree,1489064001,mobile phones gadgets,Educational City
15419,iOS,45+,0,ALL,Nepal,2.0,NOTSELECTED,No Degree,1489064001,mobile phones gadgets,Educational City
15420,iOS,18-24,0,ALL,Nepal,1.0,NOTSELECTED,High School,1489064001,mobile phones gadgets,Educational City
15421,iOS,25-44,0,ALL,Nepal,1.0,NOTSELECTED,High School,1489064001,mobile phones gadgets,Educational City
15422,iOS,45+,0,ALL,Nepal,1.0,NOTSELECTED,High School,1489064001,mobile phones gadgets,Educational City
15423,iOS,18-24,0,ALL,Nepal,2.0,NOTSELECTED,High School,1489064001,mobile phones gadgets,Educational City
15424,iOS,25-44,0,ALL,Nepal,2.0,NOTSELECTED,High School,1489064001,mobile phones gadgets,Educational City
15425,iOS,45+,0,ALL,Nepal,2.0,NOTSELECTED,High School,1489064001,mobile phones gadgets,Educational City
15426,iOS,18-24,0,ALL,Philippines,1.0,NOTSELECTED,Graduated,1489064001,mobile phones gadgets,Educational City
15427,iOS,25-44,280,ALL,Philippines,1.0,NOTSELECTED,Graduated,1489064001,mobile phones gadgets,Educational City
15428,iOS,45+,0,ALL,Philippines,1.0,NOTSELECTED,Graduated,1489064001,mobile phones gadgets,Educational City
15429,iOS,18-24,30,ALL,Philippines,2.0,NOTSELECTED,Graduated,1489064001,mobile phones gadgets,Educational City
15430,iOS,25-44,540,ALL,Philippines,2.0,NOTSELECTED,Graduated,1489064001,mobile phones gadgets,Educational City
15431,iOS,45+,60,ALL,Philippines,2.0,NOTSELECTED,Graduated,1489064001,mobile phones gadgets,Educational City
15432,iOS,18-24,0,ALL,Philippines,1.0,NOTSELECTED,No Degree,1489064001,mobile phones gadgets,Educational City
15433,iOS,25-44,150,ALL,Philippines,1.0,NOTSELECTED,No Degree,1489064001,mobile phones gadgets,Educational City
15434,iOS,45+,0,ALL,Philippines,1.0,NOTSELECTED,No Degree,1489064001,mobile phones gadgets,Educational City
15435,iOS,18-24,0,ALL,Philippines,2.0,NOTSELECTED,No Degree,1489064001,mobile phones gadgets,Educational City
15436,iOS,25-44,150,ALL,Philippines,2.0,NOTSELECTED,No Degree,1489064001,mobile phones gadgets,Educational City
15437,iOS,45+,0,ALL,Philippines,2.0,NOTSELECTED,No Degree,1489064001,mobile phones gadgets,Educational City
15438,iOS,18-24,30,ALL,Philippines,1.0,NOTSELECTED,High School,1489064001,mobile phones gadgets,Educational City
15439,iOS,25-44,90,ALL,Philippines,1.0,NOTSELECTED,High School,1489064001,mobile phones gadgets,Educational City
15440,iOS,45+,0,ALL,Philippines,1.0,NOTSELECTED,High School,1489064001,mobile phones gadgets,Educational City
15441,iOS,18-24,0,ALL,Philippines,2.0,NOTSELECTED,High School,1489064001,mobile phones gadgets,Educational City
15442,iOS,25-44,0,ALL,Philippines,2.0,NOTSELECTED,High School,1489064001,mobile phones gadgets,Educational City
15443,iOS,45+,0,ALL,Philippines,2.0,NOTSELECTED,High School,1489064001,mobile phones gadgets,Educational City
15444,iOS,18-24,0,ALL,Western-US-CA-EU-AU-NZ,1.0,NOTSELECTED,Graduated,1489064001,mobile phones gadgets,Educational City
15445,iOS,25-44,60,ALL,Western-US-CA-EU-AU-NZ,1.0,NOTSELECTED,Graduated,1489064001,mobile phones gadgets,Educational City
15446,iOS,45+,0,ALL,Western-US-CA-EU-AU-NZ,1.0,NOTSELECTED,Graduated,1489064001,mobile phones gadgets,Educational City
15447,iOS,18-24,0,ALL,Western-US-CA-EU-AU-NZ,2.0,NOTSELECTED,Graduated,1489064001,mobile phones gadgets,Educational City
15448,iOS,25-44,280,ALL,Western-US-CA-EU-AU-NZ,2.0,NOTSELECTED,Graduated,1489064001,mobile phones gadgets,Educational City
15449,iOS,45+,90,ALL,Western-US-CA-EU-AU-NZ,2.0,NOTSELECTED,Graduated,1489064001,mobile phones gadgets,Educational City
15450,iOS,18-24,30,ALL,Western-US-CA-EU-AU-NZ,1.0,NOTSELECTED,No Degree,1489064001,mobile phones gadgets,Educational City
15451,iOS,25-44,0,ALL,Western-US-CA-EU-AU-NZ,1.0,NOTSELECTED,No Degree,1489064001,mobile phones gadgets,Educational City
15452,iOS,45+,0,ALL,Western-US-CA-EU-AU-NZ,1.0,NOTSELECTED,No Degree,1489064001,mobile phones gadgets,Educational City
15453,iOS,18-24,0,ALL,Western-US-CA-EU-AU-NZ,2.0,NOTSELECTED,No Degree,1489064001,mobile phones gadgets,Educational City
15454,iOS,25-44,30,ALL,Western-US-CA-EU-AU-NZ,2.0,NOTSELECTED,No Degree,1489064001,mobile phones gadgets,Educational City
15455,iOS,45+,30,ALL,Western-US-CA-EU-AU-NZ,2.0,NOTSELECTED,No Degree,1489064001,mobile phones gadgets,Educational City
15456,iOS,18-24,30,ALL,Western-US-CA-EU-AU-NZ,1.0,NOTSELECTED,High School,1489064001,mobile phones gadgets,Educational City
15457,iOS,25-44,0,ALL,Western-US-CA-EU-AU-NZ,1.0,NOTSELECTED,High School,1489064001,mobile phones gadgets,Educational City
15458,iOS,45+,0,ALL,Western-US-CA-EU-AU-NZ,1.0,NOTSELECTED,High School,1489064001,mobile phones gadgets,Educational City
15459,iOS,18-24,30,ALL,Western-US-CA-EU-AU-NZ,2.0,NOTSELECTED,High School,1489064001,mobile phones gadgets,Educational City
15460,iOS,25-44,0,ALL,Western-US-CA-EU-AU-NZ,2.0,NOTSELECTED,High School,1489064001,mobile phones gadgets,Educational City
15461,iOS,45+,0,ALL,Western-US-CA-EU-AU-NZ,2.0,NOTSELECTED,High School,1489064001,mobile phones gadgets,Educational City
15462,iOS,18-24,0,ALL,Not Expats,1.0,NOTSELECTED,Graduated,1489064001,mobile phones gadgets,Educational City
15463,iOS,25-44,240,ALL,Not Expats,1.0,NOTSELECTED,Graduated,1489064001,mobile phones gadgets,Educational City
15464,iOS,45+,0,ALL,Not Expats,1.0,NOTSELECTED,Graduated,1489064001,mobile phones gadgets,Educational City
15465,iOS,18-24,30,ALL,Not Expats,2.0,NOTSELECTED,Graduated,1489064001,mobile phones gadgets,Educational City
15466,iOS,25-44,30,ALL,Not Expats,2.0,NOTSELECTED,Graduated,1489064001,mobile phones gadgets,Educational City
15467,iOS,45+,0,ALL,Not Expats,2.0,NOTSELECTED,Graduated,1489064001,mobile phones gadgets,Educational City
15468,iOS,18-24,60,ALL,Not Expats,1.0,NOTSELECTED,No Degree,1489064001,mobile phones gadgets,Educational City
15469,iOS,25-44,60,ALL,Not Expats,1.0,NOTSELECTED,No Degree,1489064001,mobile phones gadgets,Educational City
15470,iOS,45+,30,ALL,Not Expats,1.0,NOTSELECTED,No Degree,1489064001,mobile phones gadgets,Educational City
15471,iOS,18-24,30,ALL,Not Expats,2.0,NOTSELECTED,No Degree,1489064001,mobile phones gadgets,Educational City
15472,iOS,25-44,0,ALL,Not Expats,2.0,NOTSELECTED,No Degree,1489064001,mobile phones gadgets,Educational City
15473,iOS,45+,0,ALL,Not Expats,2.0,NOTSELECTED,No Degree,1489064001,mobile phones gadgets,Educational City
15474,iOS,18-24,0,ALL,Not Expats,1.0,NOTSELECTED,High School,1489064001,mobile phones gadgets,Educational City
15475,iOS,25-44,0,ALL,Not Expats,1.0,NOTSELECTED,High School,1489064001,mobile phones gadgets,Educational City
15476,iOS,45+,0,ALL,Not Expats,1.0,NOTSELECTED,High School,1489064001,mobile phones gadgets,Educational City
15477,iOS,18-24,0,ALL,Not Expats,2.0,NOTSELECTED,High School,1489064001,mobile phones gadgets,Educational City
15478,iOS,25-44,0,ALL,Not Expats,2.0,NOTSELECTED,High School,1489064001,mobile phones gadgets,Educational City
15479,iOS,45+,0,ALL,Not Expats,2.0,NOTSELECTED,High School,1489064001,mobile phones gadgets,Educational City
15480,iOS,18-24,180,ALL,Others,1.0,NOTSELECTED,Graduated,1489064001,mobile phones gadgets,Educational City
15481,iOS,25-44,680,ALL,Others,1.0,NOTSELECTED,Graduated,1489064001,mobile phones gadgets,Educational City
15482,iOS,45+,150,ALL,Others,1.0,NOTSELECTED,Graduated,1489064001,mobile phones gadgets,Educational City
15483,iOS,18-24,150,ALL,Others,2.0,NOTSELECTED,Graduated,1489064001,mobile phones gadgets,Educational City
15484,iOS,25-44,410,ALL,Others,2.0,NOTSELECTED,Graduated,1489064001,mobile phones gadgets,Educational City
15485,iOS,45+,30,ALL,Others,2.0,NOTSELECTED,Graduated,1489064001,mobile phones gadgets,Educational City
15486,iOS,18-24,30,ALL,Others,1.0,NOTSELECTED,No Degree,1489064001,mobile phones gadgets,Educational City
15487,iOS,25-44,210,ALL,Others,1.0,NOTSELECTED,No Degree,1489064001,mobile phones gadgets,Educational City
15488,iOS,45+,120,ALL,Others,1.0,NOTSELECTED,No Degree,1489064001,mobile phones gadgets,Educational City
15489,iOS,18-24,0,ALL,Others,2.0,NOTSELECTED,No Degree,1489064001,mobile phones gadgets,Educational City
15490,iOS,25-44,150,ALL,Others,2.0,NOTSELECTED,No Degree,1489064001,mobile phones gadgets,Educational City
15491,iOS,45+,0,ALL,Others,2.0,NOTSELECTED,No Degree,1489064001,mobile phones gadgets,Educational City
15492,iOS,18-24,90,ALL,Others,1.0,NOTSELECTED,High School,1489064001,mobile phones gadgets,Educational City
15493,iOS,25-44,210,ALL,Others,1.0,NOTSELECTED,High School,1489064001,mobile phones gadgets,Educational City
15494,iOS,45+,0,ALL,Others,1.0,NOTSELECTED,High School,1489064001,mobile phones gadgets,Educational City
15495,iOS,18-24,90,ALL,Others,2.0,NOTSELECTED,High School,1489064001,mobile phones gadgets,Educational City
15496,iOS,25-44,0,ALL,Others,2.0,NOTSELECTED,High School,1489064001,mobile phones gadgets,Educational City
15497,iOS,45+,60,ALL,Others,2.0,NOTSELECTED,High School,1489064001,mobile phones gadgets,Educational City
15498,iOS,18-24,0,ALL,India,1.0,NOTSELECTED,Graduated,1489064001,mobile phones gadgets,Perl
15499,iOS,25-44,690,ALL,India,1.0,NOTSELECTED,Graduated,1489064001,mobile phones gadgets,Perl
15500,iOS,45+,0,ALL,India,1.0,NOTSELECTED,Graduated,1489064001,mobile phones gadgets,Perl
15501,iOS,18-24,0,ALL,India,2.0,NOTSELECTED,Graduated,1489064001,mobile phones gadgets,Perl
15502,iOS,25-44,40,ALL,India,2.0,NOTSELECTED,Graduated,1489064001,mobile phones gadgets,Perl
15503,iOS,45+,0,ALL,India,2.0,NOTSELECTED,Graduated,1489064001,mobile phones gadgets,Perl
15504,iOS,18-24,40,ALL,India,1.0,NOTSELECTED,No Degree,1489064001,mobile phones gadgets,Perl
15505,iOS,25-44,40,ALL,India,1.0,NOTSELECTED,No Degree,1489064001,mobile phones gadgets,Perl
15506,iOS,45+,0,ALL,India,1.0,NOTSELECTED,No Degree,1489064001,mobile phones gadgets,Perl
15507,iOS,18-24,0,ALL,India,2.0,NOTSELECTED,No Degree,1489064001,mobile phones gadgets,Perl
15508,iOS,25-44,0,ALL,India,2.0,NOTSELECTED,No Degree,1489064001,mobile phones gadgets,Perl
15509,iOS,45+,0,ALL,India,2.0,NOTSELECTED,No Degree,1489064001,mobile phones gadgets,Perl
15510,iOS,18-24,0,ALL,India,1.0,NOTSELECTED,High School,1489064001,mobile phones gadgets,Perl
15511,iOS,25-44,0,ALL,India,1.0,NOTSELECTED,High School,1489064001,mobile phones gadgets,Perl
15512,iOS,45+,0,ALL,India,1.0,NOTSELECTED,High School,1489064001,mobile phones gadgets,Perl
15513,iOS,18-24,0,ALL,India,2.0,NOTSELECTED,High School,1489064001,mobile phones gadgets,Perl
15514,iOS,25-44,0,ALL,India,2.0,NOTSELECTED,High School,1489064001,mobile phones gadgets,Perl
15515,iOS,45+,0,ALL,India,2.0,NOTSELECTED,High School,1489064001,mobile phones gadgets,Perl
15516,iOS,18-24,0,ALL,Bangladesh,1.0,NOTSELECTED,Graduated,1489064001,mobile phones gadgets,Perl
15517,iOS,25-44,0,ALL,Bangladesh,1.0,NOTSELECTED,Graduated,1489064001,mobile phones gadgets,Perl
15518,iOS,45+,0,ALL,Bangladesh,1.0,NOTSELECTED,Graduated,1489064001,mobile phones gadgets,Perl
15519,iOS,18-24,40,ALL,Bangladesh,2.0,NOTSELECTED,Graduated,1489064001,mobile phones gadgets,Perl
15520,iOS,25-44,40,ALL,Bangladesh,2.0,NOTSELECTED,Graduated,1489064001,mobile phones gadgets,Perl
15521,iOS,45+,0,ALL,Bangladesh,2.0,NOTSELECTED,Graduated,1489064001,mobile phones gadgets,Perl
15522,iOS,18-24,0,ALL,Bangladesh,1.0,NOTSELECTED,No Degree,1489064001,mobile phones gadgets,Perl
15523,iOS,25-44,0,ALL,Bangladesh,1.0,NOTSELECTED,No Degree,1489064001,mobile phones gadgets,Perl
15524,iOS,45+,0,ALL,Bangladesh,1.0,NOTSELECTED,No Degree,1489064001,mobile phones gadgets,Perl
15525,iOS,18-24,0,ALL,Bangladesh,2.0,NOTSELECTED,No Degree,1489064001,mobile phones gadgets,Perl
15526,iOS,25-44,0,ALL,Bangladesh,2.0,NOTSELECTED,No Degree,1489064001,mobile phones gadgets,Perl
15527,iOS,45+,0,ALL,Bangladesh,2.0,NOTSELECTED,No Degree,1489064001,mobile phones gadgets,Perl
15528,iOS,18-24,0,ALL,Bangladesh,1.0,NOTSELECTED,High School,1489064001,mobile phones gadgets,Perl
15529,iOS,25-44,40,ALL,Bangladesh,1.0,NOTSELECTED,High School,1489064001,mobile phones gadgets,Perl
15530,iOS,45+,0,ALL,Bangladesh,1.0,NOTSELECTED,High School,1489064001,mobile phones gadgets,Perl
15531,iOS,18-24,0,ALL,Bangladesh,2.0,NOTSELECTED,High School,1489064001,mobile phones gadgets,Perl
15532,iOS,25-44,0,ALL,Bangladesh,2.0,NOTSELECTED,High School,1489064001,mobile phones gadgets,Perl
15533,iOS,45+,0,ALL,Bangladesh,2.0,NOTSELECTED,High School,1489064001,mobile phones gadgets,Perl
15534,iOS,18-24,0,ALL,Nepal,1.0,NOTSELECTED,Graduated,1489064001,mobile phones gadgets,Perl
15535,iOS,25-44,40,ALL,Nepal,1.0,NOTSELECTED,Graduated,1489064001,mobile phones gadgets,Perl
15536,iOS,45+,0,ALL,Nepal,1.0,NOTSELECTED,Graduated,1489064001,mobile phones gadgets,Perl
15537,iOS,18-24,0,ALL,Nepal,2.0,NOTSELECTED,Graduated,1489064001,mobile phones gadgets,Perl
15538,iOS,25-44,0,ALL,Nepal,2.0,NOTSELECTED,Graduated,1489064001,mobile phones gadgets,Perl
15539,iOS,45+,0,ALL,Nepal,2.0,NOTSELECTED,Graduated,1489064001,mobile phones gadgets,Perl
15540,iOS,18-24,0,ALL,Nepal,1.0,NOTSELECTED,No Degree,1489064001,mobile phones gadgets,Perl
15541,iOS,25-44,0,ALL,Nepal,1.0,NOTSELECTED,No Degree,1489064001,mobile phones gadgets,Perl
15542,iOS,45+,0,ALL,Nepal,1.0,NOTSELECTED,No Degree,1489064001,mobile phones gadgets,Perl
15543,iOS,18-24,0,ALL,Nepal,2.0,NOTSELECTED,No Degree,1489064001,mobile phones gadgets,Perl
15544,iOS,25-44,0,ALL,Nepal,2.0,NOTSELECTED,No Degree,1489064001,mobile phones gadgets,Perl
15545,iOS,45+,0,ALL,Nepal,2.0,NOTSELECTED,No Degree,1489064001,mobile phones gadgets,Perl
15546,iOS,18-24,0,ALL,Nepal,1.0,NOTSELECTED,High School,1489064001,mobile phones gadgets,Perl
15547,iOS,25-44,0,ALL,Nepal,1.0,NOTSELECTED,High School,1489064001,mobile phones gadgets,Perl
15548,iOS,45+,0,ALL,Nepal,1.0,NOTSELECTED,High School,1489064001,mobile phones gadgets,Perl
15549,iOS,18-24,0,ALL,Nepal,2.0,NOTSELECTED,High School,1489064001,mobile phones gadgets,Perl
15550,iOS,25-44,0,ALL,Nepal,2.0,NOTSELECTED,High School,1489064001,mobile phones gadgets,Perl
15551,iOS,45+,0,ALL,Nepal,2.0,NOTSELECTED,High School,1489064001,mobile phones gadgets,Perl
15552,iOS,18-24,40,ALL,Philippines,1.0,NOTSELECTED,Graduated,1489064001,mobile phones gadgets,Perl
15553,iOS,25-44,340,ALL,Philippines,1.0,NOTSELECTED,Graduated,1489064001,mobile phones gadgets,Perl
15554,iOS,45+,40,ALL,Philippines,1.0,NOTSELECTED,Graduated,1489064001,mobile phones gadgets,Perl
15555,iOS,18-24,0,ALL,Philippines,2.0,NOTSELECTED,Graduated,1489064001,mobile phones gadgets,Perl
15556,iOS,25-44,640,ALL,Philippines,2.0,NOTSELECTED,Graduated,1489064001,mobile phones gadgets,Perl
15557,iOS,45+,90,ALL,Philippines,2.0,NOTSELECTED,Graduated,1489064001,mobile phones gadgets,Perl
15558,iOS,18-24,0,ALL,Philippines,1.0,NOTSELECTED,No Degree,1489064001,mobile phones gadgets,Perl
15559,iOS,25-44,140,ALL,Philippines,1.0,NOTSELECTED,No Degree,1489064001,mobile phones gadgets,Perl
15560,iOS,45+,0,ALL,Philippines,1.0,NOTSELECTED,No Degree,1489064001,mobile phones gadgets,Perl
15561,iOS,18-24,0,ALL,Philippines,2.0,NOTSELECTED,No Degree,1489064001,mobile phones gadgets,Perl
15562,iOS,25-44,190,ALL,Philippines,2.0,NOTSELECTED,No Degree,1489064001,mobile phones gadgets,Perl
15563,iOS,45+,40,ALL,Philippines,2.0,NOTSELECTED,No Degree,1489064001,mobile phones gadgets,Perl
15564,iOS,18-24,40,ALL,Philippines,1.0,NOTSELECTED,High School,1489064001,mobile phones gadgets,Perl
15565,iOS,25-44,40,ALL,Philippines,1.0,NOTSELECTED,High School,1489064001,mobile phones gadgets,Perl
15566,iOS,45+,0,ALL,Philippines,1.0,NOTSELECTED,High School,1489064001,mobile phones gadgets,Perl
15567,iOS,18-24,40,ALL,Philippines,2.0,NOTSELECTED,High School,1489064001,mobile phones gadgets,Perl
15568,iOS,25-44,140,ALL,Philippines,2.0,NOTSELECTED,High School,1489064001,mobile phones gadgets,Perl
15569,iOS,45+,40,ALL,Philippines,2.0,NOTSELECTED,High School,1489064001,mobile phones gadgets,Perl
15570,iOS,18-24,40,ALL,Western-US-CA-EU-AU-NZ,1.0,NOTSELECTED,Graduated,1489064001,mobile phones gadgets,Perl
15571,iOS,25-44,780,ALL,Western-US-CA-EU-AU-NZ,1.0,NOTSELECTED,Graduated,1489064001,mobile phones gadgets,Perl
15572,iOS,45+,640,ALL,Western-US-CA-EU-AU-NZ,1.0,NOTSELECTED,Graduated,1489064001,mobile phones gadgets,Perl
15573,iOS,18-24,40,ALL,Western-US-CA-EU-AU-NZ,2.0,NOTSELECTED,Graduated,1489064001,mobile phones gadgets,Perl
15574,iOS,25-44,830,ALL,Western-US-CA-EU-AU-NZ,2.0,NOTSELECTED,Graduated,1489064001,mobile phones gadgets,Perl
15575,iOS,45+,190,ALL,Western-US-CA-EU-AU-NZ,2.0,NOTSELECTED,Graduated,1489064001,mobile phones gadgets,Perl
15576,iOS,18-24,0,ALL,Western-US-CA-EU-AU-NZ,1.0,NOTSELECTED,No Degree,1489064001,mobile phones gadgets,Perl
15577,iOS,25-44,190,ALL,Western-US-CA-EU-AU-NZ,1.0,NOTSELECTED,No Degree,1489064001,mobile phones gadgets,Perl
15578,iOS,45+,140,ALL,Western-US-CA-EU-AU-NZ,1.0,NOTSELECTED,No Degree,1489064001,mobile phones gadgets,Perl
15579,iOS,18-24,0,ALL,Western-US-CA-EU-AU-NZ,2.0,NOTSELECTED,No Degree,1489064001,mobile phones gadgets,Perl
15580,iOS,25-44,190,ALL,Western-US-CA-EU-AU-NZ,2.0,NOTSELECTED,No Degree,1489064001,mobile phones gadgets,Perl
15581,iOS,45+,290,ALL,Western-US-CA-EU-AU-NZ,2.0,NOTSELECTED,No Degree,1489064001,mobile phones gadgets,Perl
15582,iOS,18-24,0,ALL,Western-US-CA-EU-AU-NZ,1.0,NOTSELECTED,High School,1489064001,mobile phones gadgets,Perl
15583,iOS,25-44,40,ALL,Western-US-CA-EU-AU-NZ,1.0,NOTSELECTED,High School,1489064001,mobile phones gadgets,Perl
15584,iOS,45+,90,ALL,Western-US-CA-EU-AU-NZ,1.0,NOTSELECTED,High School,1489064001,mobile phones gadgets,Perl
15585,iOS,18-24,0,ALL,Western-US-CA-EU-AU-NZ,2.0,NOTSELECTED,High School,1489064001,mobile phones gadgets,Perl
15586,iOS,25-44,240,ALL,Western-US-CA-EU-AU-NZ,2.0,NOTSELECTED,High School,1489064001,mobile phones gadgets,Perl
15587,iOS,45+,90,ALL,Western-US-CA-EU-AU-NZ,2.0,NOTSELECTED,High School,1489064001,mobile phones gadgets,Perl
15588,iOS,18-24,140,ALL,Not Expats,1.0,NOTSELECTED,Graduated,1489064001,mobile phones gadgets,Perl
15589,iOS,25-44,340,ALL,Not Expats,1.0,NOTSELECTED,Graduated,1489064001,mobile phones gadgets,Perl
15590,iOS,45+,0,ALL,Not Expats,1.0,NOTSELECTED,Graduated,1489064001,mobile phones gadgets,Perl
15591,iOS,18-24,0,ALL,Not Expats,2.0,NOTSELECTED,Graduated,1489064001,mobile phones gadgets,Perl
15592,iOS,25-44,490,ALL,Not Expats,2.0,NOTSELECTED,Graduated,1489064001,mobile phones gadgets,Perl
15593,iOS,45+,40,ALL,Not Expats,2.0,NOTSELECTED,Graduated,1489064001,mobile phones gadgets,Perl
15594,iOS,18-24,40,ALL,Not Expats,1.0,NOTSELECTED,No Degree,1489064001,mobile phones gadgets,Perl
15595,iOS,25-44,40,ALL,Not Expats,1.0,NOTSELECTED,No Degree,1489064001,mobile phones gadgets,Perl
15596,iOS,45+,40,ALL,Not Expats,1.0,NOTSELECTED,No Degree,1489064001,mobile phones gadgets,Perl
15597,iOS,18-24,0,ALL,Not Expats,2.0,NOTSELECTED,No Degree,1489064001,mobile phones gadgets,Perl
15598,iOS,25-44,90,ALL,Not Expats,2.0,NOTSELECTED,No Degree,1489064001,mobile phones gadgets,Perl
15599,iOS,45+,0,ALL,Not Expats,2.0,NOTSELECTED,No Degree,1489064001,mobile phones gadgets,Perl
15600,iOS,18-24,0,ALL,Not Expats,1.0,NOTSELECTED,High School,1489064001,mobile phones gadgets,Perl
15601,iOS,25-44,40,ALL,Not Expats,1.0,NOTSELECTED,High School,1489064001,mobile phones gadgets,Perl
15602,iOS,45+,40,ALL,Not Expats,1.0,NOTSELECTED,High School,1489064001,mobile phones gadgets,Perl
15603,iOS,18-24,0,ALL,Not Expats,2.0,NOTSELECTED,High School,1489064001,mobile phones gadgets,Perl
15604,iOS,25-44,0,ALL,Not Expats,2.0,NOTSELECTED,High School,1489064001,mobile phones gadgets,Perl
15605,iOS,45+,40,ALL,Not Expats,2.0,NOTSELECTED,High School,1489064001,mobile phones gadgets,Perl
15606,iOS,18-24,90,ALL,Others,1.0,NOTSELECTED,Graduated,1489064001,mobile phones gadgets,Perl
15607,iOS,25-44,1400,ALL,Others,1.0,NOTSELECTED,Graduated,1489064001,mobile phones gadgets,Perl
15608,iOS,45+,540,ALL,Others,1.0,NOTSELECTED,Graduated,1489064001,mobile phones gadgets,Perl
15609,iOS,18-24,90,ALL,Others,2.0,NOTSELECTED,Graduated,1489064001,mobile phones gadgets,Perl
15610,iOS,25-44,1700,ALL,Others,2.0,NOTSELECTED,Graduated,1489064001,mobile phones gadgets,Perl
15611,iOS,45+,240,ALL,Others,2.0,NOTSELECTED,Graduated,1489064001,mobile phones gadgets,Perl
15612,iOS,18-24,140,ALL,Others,1.0,NOTSELECTED,No Degree,1489064001,mobile phones gadgets,Perl
15613,iOS,25-44,690,ALL,Others,1.0,NOTSELECTED,No Degree,1489064001,mobile phones gadgets,Perl
15614,iOS,45+,0,ALL,Others,1.0,NOTSELECTED,No Degree,1489064001,mobile phones gadgets,Perl
15615,iOS,18-24,0,ALL,Others,2.0,NOTSELECTED,No Degree,1489064001,mobile phones gadgets,Perl
15616,iOS,25-44,240,ALL,Others,2.0,NOTSELECTED,No Degree,1489064001,mobile phones gadgets,Perl
15617,iOS,45+,90,ALL,Others,2.0,NOTSELECTED,No Degree,1489064001,mobile phones gadgets,Perl
15618,iOS,18-24,40,ALL,Others,1.0,NOTSELECTED,High School,1489064001,mobile phones gadgets,Perl
15619,iOS,25-44,240,ALL,Others,1.0,NOTSELECTED,High School,1489064001,mobile phones gadgets,Perl
15620,iOS,45+,0,ALL,Others,1.0,NOTSELECTED,High School,1489064001,mobile phones gadgets,Perl
15621,iOS,18-24,40,ALL,Others,2.0,NOTSELECTED,High School,1489064001,mobile phones gadgets,Perl
15622,iOS,25-44,140,ALL,Others,2.0,NOTSELECTED,High School,1489064001,mobile phones gadgets,Perl
15623,iOS,45+,90,ALL,Others,2.0,NOTSELECTED,High School,1489064001,mobile phones gadgets,Perl
15624,Android,18-24,610,ALL,India,1.0,NOTSELECTED,Graduated,1489064001,mobile phones gadgets,West Bay
15625,Android,25-44,4800,ALL,India,1.0,NOTSELECTED,Graduated,1489064001,mobile phones gadgets,West Bay
15626,Android,45+,670,ALL,India,1.0,NOTSELECTED,Graduated,1489064001,mobile phones gadgets,West Bay
15627,Android,18-24,0,ALL,India,2.0,NOTSELECTED,Graduated,1489064001,mobile phones gadgets,West Bay
15628,Android,25-44,550,ALL,India,2.0,NOTSELECTED,Graduated,1489064001,mobile phones gadgets,West Bay
15629,Android,45+,0,ALL,India,2.0,NOTSELECTED,Graduated,1489064001,mobile phones gadgets,West Bay
15630,Android,18-24,240,ALL,India,1.0,NOTSELECTED,No Degree,1489064001,mobile phones gadgets,West Bay
15631,Android,25-44,1700,ALL,India,1.0,NOTSELECTED,No Degree,1489064001,mobile phones gadgets,West Bay
15632,Android,45+,120,ALL,India,1.0,NOTSELECTED,No Degree,1489064001,mobile phones gadgets,West Bay
15633,Android,18-24,60,ALL,India,2.0,NOTSELECTED,No Degree,1489064001,mobile phones gadgets,West Bay
15634,Android,25-44,240,ALL,India,2.0,NOTSELECTED,No Degree,1489064001,mobile phones gadgets,West Bay
15635,Android,45+,60,ALL,India,2.0,NOTSELECTED,No Degree,1489064001,mobile phones gadgets,West Bay
15636,Android,18-24,0,ALL,India,1.0,NOTSELECTED,High School,1489064001,mobile phones gadgets,West Bay
15637,Android,25-44,850,ALL,India,1.0,NOTSELECTED,High School,1489064001,mobile phones gadgets,West Bay
15638,Android,45+,240,ALL,India,1.0,NOTSELECTED,High School,1489064001,mobile phones gadgets,West Bay
15639,Android,18-24,0,ALL,India,2.0,NOTSELECTED,High School,1489064001,mobile phones gadgets,West Bay
15640,Android,25-44,0,ALL,India,2.0,NOTSELECTED,High School,1489064001,mobile phones gadgets,West Bay
15641,Android,45+,0,ALL,India,2.0,NOTSELECTED,High School,1489064001,mobile phones gadgets,West Bay
15642,Android,18-24,420,ALL,Bangladesh,1.0,NOTSELECTED,Graduated,1489064001,mobile phones gadgets,West Bay
15643,Android,25-44,790,ALL,Bangladesh,1.0,NOTSELECTED,Graduated,1489064001,mobile phones gadgets,West Bay
15644,Android,45+,60,ALL,Bangladesh,1.0,NOTSELECTED,Graduated,1489064001,mobile phones gadgets,West Bay
15645,Android,18-24,60,ALL,Bangladesh,2.0,NOTSELECTED,Graduated,1489064001,mobile phones gadgets,West Bay
15646,Android,25-44,0,ALL,Bangladesh,2.0,NOTSELECTED,Graduated,1489064001,mobile phones gadgets,West Bay
15647,Android,45+,0,ALL,Bangladesh,2.0,NOTSELECTED,Graduated,1489064001,mobile phones gadgets,West Bay
15648,Android,18-24,300,ALL,Bangladesh,1.0,NOTSELECTED,No Degree,1489064001,mobile phones gadgets,West Bay
15649,Android,25-44,360,ALL,Bangladesh,1.0,NOTSELECTED,No Degree,1489064001,mobile phones gadgets,West Bay
15650,Android,45+,120,ALL,Bangladesh,1.0,NOTSELECTED,No Degree,1489064001,mobile phones gadgets,West Bay
15651,Android,18-24,120,ALL,Bangladesh,2.0,NOTSELECTED,No Degree,1489064001,mobile phones gadgets,West Bay
15652,Android,25-44,60,ALL,Bangladesh,2.0,NOTSELECTED,No Degree,1489064001,mobile phones gadgets,West Bay
15653,Android,45+,0,ALL,Bangladesh,2.0,NOTSELECTED,No Degree,1489064001,mobile phones gadgets,West Bay
15654,Android,18-24,60,ALL,Bangladesh,1.0,NOTSELECTED,High School,1489064001,mobile phones gadgets,West Bay
15655,Android,25-44,300,ALL,Bangladesh,1.0,NOTSELECTED,High School,1489064001,mobile phones gadgets,West Bay
15656,Android,45+,0,ALL,Bangladesh,1.0,NOTSELECTED,High School,1489064001,mobile phones gadgets,West Bay
15657,Android,18-24,0,ALL,Bangladesh,2.0,NOTSELECTED,High School,1489064001,mobile phones gadgets,West Bay
15658,Android,25-44,0,ALL,Bangladesh,2.0,NOTSELECTED,High School,1489064001,mobile phones gadgets,West Bay
15659,Android,45+,0,ALL,Bangladesh,2.0,NOTSELECTED,High School,1489064001,mobile phones gadgets,West Bay
15660,Android,18-24,610,ALL,Nepal,1.0,NOTSELECTED,Graduated,1489064001,mobile phones gadgets,West Bay
15661,Android,25-44,1700,ALL,Nepal,1.0,NOTSELECTED,Graduated,1489064001,mobile phones gadgets,West Bay
15662,Android,45+,0,ALL,Nepal,1.0,NOTSELECTED,Graduated,1489064001,mobile phones gadgets,West Bay
15663,Android,18-24,0,ALL,Nepal,2.0,NOTSELECTED,Graduated,1489064001,mobile phones gadgets,West Bay
15664,Android,25-44,0,ALL,Nepal,2.0,NOTSELECTED,Graduated,1489064001,mobile phones gadgets,West Bay
15665,Android,45+,0,ALL,Nepal,2.0,NOTSELECTED,Graduated,1489064001,mobile phones gadgets,West Bay
15666,Android,18-24,1600,ALL,Nepal,1.0,NOTSELECTED,No Degree,1489064001,mobile phones gadgets,West Bay
15667,Android,25-44,210,ALL,Nepal,1.0,NOTSELECTED,No Degree,1489064001,mobile phones gadgets,West Bay
15668,Android,45+,180,ALL,Nepal,1.0,NOTSELECTED,No Degree,1489064001,mobile phones gadgets,West Bay
15669,Android,18-24,120,ALL,Nepal,2.0,NOTSELECTED,No Degree,1489064001,mobile phones gadgets,West Bay
15670,Android,25-44,0,ALL,Nepal,2.0,NOTSELECTED,No Degree,1489064001,mobile phones gadgets,West Bay
15671,Android,45+,0,ALL,Nepal,2.0,NOTSELECTED,No Degree,1489064001,mobile phones gadgets,West Bay
15672,Android,18-24,180,ALL,Nepal,1.0,NOTSELECTED,High School,1489064001,mobile phones gadgets,West Bay
15673,Android,25-44,60,ALL,Nepal,1.0,NOTSELECTED,High School,1489064001,mobile phones gadgets,West Bay
15674,Android,45+,0,ALL,Nepal,1.0,NOTSELECTED,High School,1489064001,mobile phones gadgets,West Bay
15675,Android,18-24,60,ALL,Nepal,2.0,NOTSELECTED,High School,1489064001,mobile phones gadgets,West Bay
15676,Android,25-44,0,ALL,Nepal,2.0,NOTSELECTED,High School,1489064001,mobile phones gadgets,West Bay
15677,Android,45+,0,ALL,Nepal,2.0,NOTSELECTED,High School,1489064001,mobile phones gadgets,West Bay
15678,Android,18-24,60,ALL,Philippines,1.0,NOTSELECTED,Graduated,1489064001,mobile phones gadgets,West Bay
15679,Android,25-44,2500,ALL,Philippines,1.0,NOTSELECTED,Graduated,1489064001,mobile phones gadgets,West Bay
15680,Android,45+,240,ALL,Philippines,1.0,NOTSELECTED,Graduated,1489064001,mobile phones gadgets,West Bay
15681,Android,18-24,300,ALL,Philippines,2.0,NOTSELECTED,Graduated,1489064001,mobile phones gadgets,West Bay
15682,Android,25-44,2600,ALL,Philippines,2.0,NOTSELECTED,Graduated,1489064001,mobile phones gadgets,West Bay
15683,Android,45+,240,ALL,Philippines,2.0,NOTSELECTED,Graduated,1489064001,mobile phones gadgets,West Bay
15684,Android,18-24,0,ALL,Philippines,1.0,NOTSELECTED,No Degree,1489064001,mobile phones gadgets,West Bay
15685,Android,25-44,790,ALL,Philippines,1.0,NOTSELECTED,No Degree,1489064001,mobile phones gadgets,West Bay
15686,Android,45+,180,ALL,Philippines,1.0,NOTSELECTED,No Degree,1489064001,mobile phones gadgets,West Bay
15687,Android,18-24,60,ALL,Philippines,2.0,NOTSELECTED,No Degree,1489064001,mobile phones gadgets,West Bay
15688,Android,25-44,610,ALL,Philippines,2.0,NOTSELECTED,No Degree,1489064001,mobile phones gadgets,West Bay
15689,Android,45+,60,ALL,Philippines,2.0,NOTSELECTED,No Degree,1489064001,mobile phones gadgets,West Bay
15690,Android,18-24,60,ALL,Philippines,1.0,NOTSELECTED,High School,1489064001,mobile phones gadgets,West Bay
15691,Android,25-44,480,ALL,Philippines,1.0,NOTSELECTED,High School,1489064001,mobile phones gadgets,West Bay
15692,Android,45+,120,ALL,Philippines,1.0,NOTSELECTED,High School,1489064001,mobile phones gadgets,West Bay
15693,Android,18-24,120,ALL,Philippines,2.0,NOTSELECTED,High School,1489064001,mobile phones gadgets,West Bay
15694,Android,25-44,490,ALL,Philippines,2.0,NOTSELECTED,High School,1489064001,mobile phones gadgets,West Bay
15695,Android,45+,120,ALL,Philippines,2.0,NOTSELECTED,High School,1489064001,mobile phones gadgets,West Bay
15696,Android,18-24,60,ALL,Western-US-CA-EU-AU-NZ,1.0,NOTSELECTED,Graduated,1489064001,mobile phones gadgets,West Bay
15697,Android,25-44,1400,ALL,Western-US-CA-EU-AU-NZ,1.0,NOTSELECTED,Graduated,1489064001,mobile phones gadgets,West Bay
15698,Android,45+,360,ALL,Western-US-CA-EU-AU-NZ,1.0,NOTSELECTED,Graduated,1489064001,mobile phones gadgets,West Bay
15699,Android,18-24,0,ALL,Western-US-CA-EU-AU-NZ,2.0,NOTSELECTED,Graduated,1489064001,mobile phones gadgets,West Bay
15700,Android,25-44,970,ALL,Western-US-CA-EU-AU-NZ,2.0,NOTSELECTED,Graduated,1489064001,mobile phones gadgets,West Bay
15701,Android,45+,360,ALL,Western-US-CA-EU-AU-NZ,2.0,NOTSELECTED,Graduated,1489064001,mobile phones gadgets,West Bay
15702,Android,18-24,0,ALL,Western-US-CA-EU-AU-NZ,1.0,NOTSELECTED,No Degree,1489064001,mobile phones gadgets,West Bay
15703,Android,25-44,180,ALL,Western-US-CA-EU-AU-NZ,1.0,NOTSELECTED,No Degree,1489064001,mobile phones gadgets,West Bay
15704,Android,45+,120,ALL,Western-US-CA-EU-AU-NZ,1.0,NOTSELECTED,No Degree,1489064001,mobile phones gadgets,West Bay
15705,Android,18-24,0,ALL,Western-US-CA-EU-AU-NZ,2.0,NOTSELECTED,No Degree,1489064001,mobile phones gadgets,West Bay
15706,Android,25-44,240,ALL,Western-US-CA-EU-AU-NZ,2.0,NOTSELECTED,No Degree,1489064001,mobile phones gadgets,West Bay
15707,Android,45+,60,ALL,Western-US-CA-EU-AU-NZ,2.0,NOTSELECTED,No Degree,1489064001,mobile phones gadgets,West Bay
15708,Android,18-24,60,ALL,Western-US-CA-EU-AU-NZ,1.0,NOTSELECTED,High School,1489064001,mobile phones gadgets,West Bay
15709,Android,25-44,120,ALL,Western-US-CA-EU-AU-NZ,1.0,NOTSELECTED,High School,1489064001,mobile phones gadgets,West Bay
15710,Android,45+,180,ALL,Western-US-CA-EU-AU-NZ,1.0,NOTSELECTED,High School,1489064001,mobile phones gadgets,West Bay
15711,Android,18-24,0,ALL,Western-US-CA-EU-AU-NZ,2.0,NOTSELECTED,High School,1489064001,mobile phones gadgets,West Bay
15712,Android,25-44,60,ALL,Western-US-CA-EU-AU-NZ,2.0,NOTSELECTED,High School,1489064001,mobile phones gadgets,West Bay
15713,Android,45+,0,ALL,Western-US-CA-EU-AU-NZ,2.0,NOTSELECTED,High School,1489064001,mobile phones gadgets,West Bay
15714,Android,18-24,180,ALL,Not Expats,1.0,NOTSELECTED,Graduated,1489064001,mobile phones gadgets,West Bay
15715,Android,25-44,1000,ALL,Not Expats,1.0,NOTSELECTED,Graduated,1489064001,mobile phones gadgets,West Bay
15716,Android,45+,0,ALL,Not Expats,1.0,NOTSELECTED,Graduated,1489064001,mobile phones gadgets,West Bay
15717,Android,18-24,0,ALL,Not Expats,2.0,NOTSELECTED,Graduated,1489064001,mobile phones gadgets,West Bay
15718,Android,25-44,360,ALL,Not Expats,2.0,NOTSELECTED,Graduated,1489064001,mobile phones gadgets,West Bay
15719,Android,45+,60,ALL,Not Expats,2.0,NOTSELECTED,Graduated,1489064001,mobile phones gadgets,West Bay
15720,Android,18-24,180,ALL,Not Expats,1.0,NOTSELECTED,No Degree,1489064001,mobile phones gadgets,West Bay
15721,Android,25-44,420,ALL,Not Expats,1.0,NOTSELECTED,No Degree,1489064001,mobile phones gadgets,West Bay
15722,Android,45+,0,ALL,Not Expats,1.0,NOTSELECTED,No Degree,1489064001,mobile phones gadgets,West Bay
15723,Android,18-24,180,ALL,Not Expats,2.0,NOTSELECTED,No Degree,1489064001,mobile phones gadgets,West Bay
15724,Android,25-44,360,ALL,Not Expats,2.0,NOTSELECTED,No Degree,1489064001,mobile phones gadgets,West Bay
15725,Android,45+,0,ALL,Not Expats,2.0,NOTSELECTED,No Degree,1489064001,mobile phones gadgets,West Bay
15726,Android,18-24,0,ALL,Not Expats,1.0,NOTSELECTED,High School,1489064001,mobile phones gadgets,West Bay
15727,Android,25-44,60,ALL,Not Expats,1.0,NOTSELECTED,High School,1489064001,mobile phones gadgets,West Bay
15728,Android,45+,60,ALL,Not Expats,1.0,NOTSELECTED,High School,1489064001,mobile phones gadgets,West Bay
15729,Android,18-24,0,ALL,Not Expats,2.0,NOTSELECTED,High School,1489064001,mobile phones gadgets,West Bay
15730,Android,25-44,0,ALL,Not Expats,2.0,NOTSELECTED,High School,1489064001,mobile phones gadgets,West Bay
15731,Android,45+,0,ALL,Not Expats,2.0,NOTSELECTED,High School,1489064001,mobile phones gadgets,West Bay
15732,Android,18-24,1100,ALL,Others,1.0,NOTSELECTED,Graduated,1489064001,mobile phones gadgets,West Bay
15733,Android,25-44,6500,ALL,Others,1.0,NOTSELECTED,Graduated,1489064001,mobile phones gadgets,West Bay
15734,Android,45+,1300,ALL,Others,1.0,NOTSELECTED,Graduated,1489064001,mobile phones gadgets,West Bay
15735,Android,18-24,300,ALL,Others,2.0,NOTSELECTED,Graduated,1489064001,mobile phones gadgets,West Bay
15736,Android,25-44,1300,ALL,Others,2.0,NOTSELECTED,Graduated,1489064001,mobile phones gadgets,West Bay
15737,Android,45+,60,ALL,Others,2.0,NOTSELECTED,Graduated,1489064001,mobile phones gadgets,West Bay
15738,Android,18-24,1000,ALL,Others,1.0,NOTSELECTED,No Degree,1489064001,mobile phones gadgets,West Bay
15739,Android,25-44,3100,ALL,Others,1.0,NOTSELECTED,No Degree,1489064001,mobile phones gadgets,West Bay
15740,Android,45+,420,ALL,Others,1.0,NOTSELECTED,No Degree,1489064001,mobile phones gadgets,West Bay
15741,Android,18-24,480,ALL,Others,2.0,NOTSELECTED,No Degree,1489064001,mobile phones gadgets,West Bay
15742,Android,25-44,790,ALL,Others,2.0,NOTSELECTED,No Degree,1489064001,mobile phones gadgets,West Bay
15743,Android,45+,300,ALL,Others,2.0,NOTSELECTED,No Degree,1489064001,mobile phones gadgets,West Bay
15744,Android,18-24,120,ALL,Others,1.0,NOTSELECTED,High School,1489064001,mobile phones gadgets,West Bay
15745,Android,25-44,1900,ALL,Others,1.0,NOTSELECTED,High School,1489064001,mobile phones gadgets,West Bay
15746,Android,45+,480,ALL,Others,1.0,NOTSELECTED,High School,1489064001,mobile phones gadgets,West Bay
15747,Android,18-24,60,ALL,Others,2.0,NOTSELECTED,High School,1489064001,mobile phones gadgets,West Bay
15748,Android,25-44,300,ALL,Others,2.0,NOTSELECTED,High School,1489064001,mobile phones gadgets,West Bay
15749,Android,45+,120,ALL,Others,2.0,NOTSELECTED,High School,1489064001,mobile phones gadgets,West Bay
15750,Android,18-24,730,ALL,India,1.0,NOTSELECTED,Graduated,1489064001,mobile phones gadgets,Labor City
15751,Android,25-44,3700,ALL,India,1.0,NOTSELECTED,Graduated,1489064001,mobile phones gadgets,Labor City
15752,Android,45+,320,ALL,India,1.0,NOTSELECTED,Graduated,1489064001,mobile phones gadgets,Labor City
15753,Android,18-24,60,ALL,India,2.0,NOTSELECTED,Graduated,1489064001,mobile phones gadgets,Labor City
15754,Android,25-44,120,ALL,India,2.0,NOTSELECTED,Graduated,1489064001,mobile phones gadgets,Labor City
15755,Android,45+,0,ALL,India,2.0,NOTSELECTED,Graduated,1489064001,mobile phones gadgets,Labor City
15756,Android,18-24,730,ALL,India,1.0,NOTSELECTED,No Degree,1489064001,mobile phones gadgets,Labor City
15757,Android,25-44,2600,ALL,India,1.0,NOTSELECTED,No Degree,1489064001,mobile phones gadgets,Labor City
15758,Android,45+,410,ALL,India,1.0,NOTSELECTED,No Degree,1489064001,mobile phones gadgets,Labor City
15759,Android,18-24,100,ALL,India,2.0,NOTSELECTED,No Degree,1489064001,mobile phones gadgets,Labor City
15760,Android,25-44,120,ALL,India,2.0,NOTSELECTED,No Degree,1489064001,mobile phones gadgets,Labor City
15761,Android,45+,0,ALL,India,2.0,NOTSELECTED,No Degree,1489064001,mobile phones gadgets,Labor City
15762,Android,18-24,210,ALL,India,1.0,NOTSELECTED,High School,1489064001,mobile phones gadgets,Labor City
15763,Android,25-44,970,ALL,India,1.0,NOTSELECTED,High School,1489064001,mobile phones gadgets,Labor City
15764,Android,45+,110,ALL,India,1.0,NOTSELECTED,High School,1489064001,mobile phones gadgets,Labor City
15765,Android,18-24,0,ALL,India,2.0,NOTSELECTED,High School,1489064001,mobile phones gadgets,Labor City
15766,Android,25-44,0,ALL,India,2.0,NOTSELECTED,High School,1489064001,mobile phones gadgets,Labor City
15767,Android,45+,0,ALL,India,2.0,NOTSELECTED,High School,1489064001,mobile phones gadgets,Labor City
15768,Android,18-24,300,ALL,Bangladesh,1.0,NOTSELECTED,Graduated,1489064001,mobile phones gadgets,Labor City
15769,Android,25-44,820,ALL,Bangladesh,1.0,NOTSELECTED,Graduated,1489064001,mobile phones gadgets,Labor City
15770,Android,45+,60,ALL,Bangladesh,1.0,NOTSELECTED,Graduated,1489064001,mobile phones gadgets,Labor City
15771,Android,18-24,40,ALL,Bangladesh,2.0,NOTSELECTED,Graduated,1489064001,mobile phones gadgets,Labor City
15772,Android,25-44,0,ALL,Bangladesh,2.0,NOTSELECTED,Graduated,1489064001,mobile phones gadgets,Labor City
15773,Android,45+,0,ALL,Bangladesh,2.0,NOTSELECTED,Graduated,1489064001,mobile phones gadgets,Labor City
15774,Android,18-24,640,ALL,Bangladesh,1.0,NOTSELECTED,No Degree,1489064001,mobile phones gadgets,Labor City
15775,Android,25-44,920,ALL,Bangladesh,1.0,NOTSELECTED,No Degree,1489064001,mobile phones gadgets,Labor City
15776,Android,45+,40,ALL,Bangladesh,1.0,NOTSELECTED,No Degree,1489064001,mobile phones gadgets,Labor City
15777,Android,18-24,120,ALL,Bangladesh,2.0,NOTSELECTED,No Degree,1489064001,mobile phones gadgets,Labor City
15778,Android,25-44,120,ALL,Bangladesh,2.0,NOTSELECTED,No Degree,1489064001,mobile phones gadgets,Labor City
15779,Android,45+,0,ALL,Bangladesh,2.0,NOTSELECTED,No Degree,1489064001,mobile phones gadgets,Labor City
15780,Android,18-24,40,ALL,Bangladesh,1.0,NOTSELECTED,High School,1489064001,mobile phones gadgets,Labor City
15781,Android,25-44,150,ALL,Bangladesh,1.0,NOTSELECTED,High School,1489064001,mobile phones gadgets,Labor City
15782,Android,45+,40,ALL,Bangladesh,1.0,NOTSELECTED,High School,1489064001,mobile phones gadgets,Labor City
15783,Android,18-24,0,ALL,Bangladesh,2.0,NOTSELECTED,High School,1489064001,mobile phones gadgets,Labor City
15784,Android,25-44,0,ALL,Bangladesh,2.0,NOTSELECTED,High School,1489064001,mobile phones gadgets,Labor City
15785,Android,45+,0,ALL,Bangladesh,2.0,NOTSELECTED,High School,1489064001,mobile phones gadgets,Labor City
15786,Android,18-24,1400,ALL,Nepal,1.0,NOTSELECTED,Graduated,1489064001,mobile phones gadgets,Labor City
15787,Android,25-44,2700,ALL,Nepal,1.0,NOTSELECTED,Graduated,1489064001,mobile phones gadgets,Labor City
15788,Android,45+,60,ALL,Nepal,1.0,NOTSELECTED,Graduated,1489064001,mobile phones gadgets,Labor City
15789,Android,18-24,0,ALL,Nepal,2.0,NOTSELECTED,Graduated,1489064001,mobile phones gadgets,Labor City
15790,Android,25-44,100,ALL,Nepal,2.0,NOTSELECTED,Graduated,1489064001,mobile phones gadgets,Labor City
15791,Android,45+,0,ALL,Nepal,2.0,NOTSELECTED,Graduated,1489064001,mobile phones gadgets,Labor City
15792,Android,18-24,2400,ALL,Nepal,1.0,NOTSELECTED,No Degree,1489064001,mobile phones gadgets,Labor City
15793,Android,25-44,2800,ALL,Nepal,1.0,NOTSELECTED,No Degree,1489064001,mobile phones gadgets,Labor City
15794,Android,45+,170,ALL,Nepal,1.0,NOTSELECTED,No Degree,1489064001,mobile phones gadgets,Labor City
15795,Android,18-24,120,ALL,Nepal,2.0,NOTSELECTED,No Degree,1489064001,mobile phones gadgets,Labor City
15796,Android,25-44,150,ALL,Nepal,2.0,NOTSELECTED,No Degree,1489064001,mobile phones gadgets,Labor City
15797,Android,45+,0,ALL,Nepal,2.0,NOTSELECTED,No Degree,1489064001,mobile phones gadgets,Labor City
15798,Android,18-24,300,ALL,Nepal,1.0,NOTSELECTED,High School,1489064001,mobile phones gadgets,Labor City
15799,Android,25-44,880,ALL,Nepal,1.0,NOTSELECTED,High School,1489064001,mobile phones gadgets,Labor City
15800,Android,45+,0,ALL,Nepal,1.0,NOTSELECTED,High School,1489064001,mobile phones gadgets,Labor City
15801,Android,18-24,0,ALL,Nepal,2.0,NOTSELECTED,High School,1489064001,mobile phones gadgets,Labor City
15802,Android,25-44,0,ALL,Nepal,2.0,NOTSELECTED,High School,1489064001,mobile phones gadgets,Labor City
15803,Android,45+,0,ALL,Nepal,2.0,NOTSELECTED,High School,1489064001,mobile phones gadgets,Labor City
15804,Android,18-24,120,ALL,Philippines,1.0,NOTSELECTED,Graduated,1489064001,mobile phones gadgets,Labor City
15805,Android,25-44,1600,ALL,Philippines,1.0,NOTSELECTED,Graduated,1489064001,mobile phones gadgets,Labor City
15806,Android,45+,280,ALL,Philippines,1.0,NOTSELECTED,Graduated,1489064001,mobile phones gadgets,Labor City
15807,Android,18-24,80,ALL,Philippines,2.0,NOTSELECTED,Graduated,1489064001,mobile phones gadgets,Labor City
15808,Android,25-44,380,ALL,Philippines,2.0,NOTSELECTED,Graduated,1489064001,mobile phones gadgets,Labor City
15809,Android,45+,0,ALL,Philippines,2.0,NOTSELECTED,Graduated,1489064001,mobile phones gadgets,Labor City
15810,Android,18-24,190,ALL,Philippines,1.0,NOTSELECTED,No Degree,1489064001,mobile phones gadgets,Labor City
15811,Android,25-44,820,ALL,Philippines,1.0,NOTSELECTED,No Degree,1489064001,mobile phones gadgets,Labor City
15812,Android,45+,320,ALL,Philippines,1.0,NOTSELECTED,No Degree,1489064001,mobile phones gadgets,Labor City
15813,Android,18-24,0,ALL,Philippines,2.0,NOTSELECTED,No Degree,1489064001,mobile phones gadgets,Labor City
15814,Android,25-44,60,ALL,Philippines,2.0,NOTSELECTED,No Degree,1489064001,mobile phones gadgets,Labor City
15815,Android,45+,0,ALL,Philippines,2.0,NOTSELECTED,No Degree,1489064001,mobile phones gadgets,Labor City
15816,Android,18-24,0,ALL,Philippines,1.0,NOTSELECTED,High School,1489064001,mobile phones gadgets,Labor City
15817,Android,25-44,320,ALL,Philippines,1.0,NOTSELECTED,High School,1489064001,mobile phones gadgets,Labor City
15818,Android,45+,80,ALL,Philippines,1.0,NOTSELECTED,High School,1489064001,mobile phones gadgets,Labor City
15819,Android,18-24,0,ALL,Philippines,2.0,NOTSELECTED,High School,1489064001,mobile phones gadgets,Labor City
15820,Android,25-44,100,ALL,Philippines,2.0,NOTSELECTED,High School,1489064001,mobile phones gadgets,Labor City
15821,Android,45+,0,ALL,Philippines,2.0,NOTSELECTED,High School,1489064001,mobile phones gadgets,Labor City
15822,Android,18-24,0,ALL,Western-US-CA-EU-AU-NZ,1.0,NOTSELECTED,Graduated,1489064001,mobile phones gadgets,Labor City
15823,Android,25-44,230,ALL,Western-US-CA-EU-AU-NZ,1.0,NOTSELECTED,Graduated,1489064001,mobile phones gadgets,Labor City
15824,Android,45+,60,ALL,Western-US-CA-EU-AU-NZ,1.0,NOTSELECTED,Graduated,1489064001,mobile phones gadgets,Labor City
15825,Android,18-24,0,ALL,Western-US-CA-EU-AU-NZ,2.0,NOTSELECTED,Graduated,1489064001,mobile phones gadgets,Labor City
15826,Android,25-44,40,ALL,Western-US-CA-EU-AU-NZ,2.0,NOTSELECTED,Graduated,1489064001,mobile phones gadgets,Labor City
15827,Android,45+,0,ALL,Western-US-CA-EU-AU-NZ,2.0,NOTSELECTED,Graduated,1489064001,mobile phones gadgets,Labor City
15828,Android,18-24,0,ALL,Western-US-CA-EU-AU-NZ,1.0,NOTSELECTED,No Degree,1489064001,mobile phones gadgets,Labor City
15829,Android,25-44,40,ALL,Western-US-CA-EU-AU-NZ,1.0,NOTSELECTED,No Degree,1489064001,mobile phones gadgets,Labor City
15830,Android,45+,0,ALL,Western-US-CA-EU-AU-NZ,1.0,NOTSELECTED,No Degree,1489064001,mobile phones gadgets,Labor City
15831,Android,18-24,0,ALL,Western-US-CA-EU-AU-NZ,2.0,NOTSELECTED,No Degree,1489064001,mobile phones gadgets,Labor City
15832,Android,25-44,0,ALL,Western-US-CA-EU-AU-NZ,2.0,NOTSELECTED,No Degree,1489064001,mobile phones gadgets,Labor City
15833,Android,45+,0,ALL,Western-US-CA-EU-AU-NZ,2.0,NOTSELECTED,No Degree,1489064001,mobile phones gadgets,Labor City
15834,Android,18-24,0,ALL,Western-US-CA-EU-AU-NZ,1.0,NOTSELECTED,High School,1489064001,mobile phones gadgets,Labor City
15835,Android,25-44,40,ALL,Western-US-CA-EU-AU-NZ,1.0,NOTSELECTED,High School,1489064001,mobile phones gadgets,Labor City
15836,Android,45+,0,ALL,Western-US-CA-EU-AU-NZ,1.0,NOTSELECTED,High School,1489064001,mobile phones gadgets,Labor City
15837,Android,18-24,0,ALL,Western-US-CA-EU-AU-NZ,2.0,NOTSELECTED,High School,1489064001,mobile phones gadgets,Labor City
15838,Android,25-44,40,ALL,Western-US-CA-EU-AU-NZ,2.0,NOTSELECTED,High School,1489064001,mobile phones gadgets,Labor City
15839,Android,45+,0,ALL,Western-US-CA-EU-AU-NZ,2.0,NOTSELECTED,High School,1489064001,mobile phones gadgets,Labor City
15840,Android,18-24,150,ALL,Not Expats,1.0,NOTSELECTED,Graduated,1489064001,mobile phones gadgets,Labor City
15841,Android,25-44,640,ALL,Not Expats,1.0,NOTSELECTED,Graduated,1489064001,mobile phones gadgets,Labor City
15842,Android,45+,80,ALL,Not Expats,1.0,NOTSELECTED,Graduated,1489064001,mobile phones gadgets,Labor City
15843,Android,18-24,0,ALL,Not Expats,2.0,NOTSELECTED,Graduated,1489064001,mobile phones gadgets,Labor City
15844,Android,25-44,40,ALL,Not Expats,2.0,NOTSELECTED,Graduated,1489064001,mobile phones gadgets,Labor City
15845,Android,45+,0,ALL,Not Expats,2.0,NOTSELECTED,Graduated,1489064001,mobile phones gadgets,Labor City
15846,Android,18-24,300,ALL,Not Expats,1.0,NOTSELECTED,No Degree,1489064001,mobile phones gadgets,Labor City
15847,Android,25-44,540,ALL,Not Expats,1.0,NOTSELECTED,No Degree,1489064001,mobile phones gadgets,Labor City
15848,Android,45+,60,ALL,Not Expats,1.0,NOTSELECTED,No Degree,1489064001,mobile phones gadgets,Labor City
15849,Android,18-24,0,ALL,Not Expats,2.0,NOTSELECTED,No Degree,1489064001,mobile phones gadgets,Labor City
15850,Android,25-44,120,ALL,Not Expats,2.0,NOTSELECTED,No Degree,1489064001,mobile phones gadgets,Labor City
15851,Android,45+,0,ALL,Not Expats,2.0,NOTSELECTED,No Degree,1489064001,mobile phones gadgets,Labor City
15852,Android,18-24,0,ALL,Not Expats,1.0,NOTSELECTED,High School,1489064001,mobile phones gadgets,Labor City
15853,Android,25-44,250,ALL,Not Expats,1.0,NOTSELECTED,High School,1489064001,mobile phones gadgets,Labor City
15854,Android,45+,80,ALL,Not Expats,1.0,NOTSELECTED,High School,1489064001,mobile phones gadgets,Labor City
15855,Android,18-24,0,ALL,Not Expats,2.0,NOTSELECTED,High School,1489064001,mobile phones gadgets,Labor City
15856,Android,25-44,0,ALL,Not Expats,2.0,NOTSELECTED,High School,1489064001,mobile phones gadgets,Labor City
15857,Android,45+,0,ALL,Not Expats,2.0,NOTSELECTED,High School,1489064001,mobile phones gadgets,Labor City
15858,Android,18-24,710,ALL,Others,1.0,NOTSELECTED,Graduated,1489064001,mobile phones gadgets,Labor City
15859,Android,25-44,3300,ALL,Others,1.0,NOTSELECTED,Graduated,1489064001,mobile phones gadgets,Labor City
15860,Android,45+,300,ALL,Others,1.0,NOTSELECTED,Graduated,1489064001,mobile phones gadgets,Labor City
15861,Android,18-24,0,ALL,Others,2.0,NOTSELECTED,Graduated,1489064001,mobile phones gadgets,Labor City
15862,Android,25-44,230,ALL,Others,2.0,NOTSELECTED,Graduated,1489064001,mobile phones gadgets,Labor City
15863,Android,45+,0,ALL,Others,2.0,NOTSELECTED,Graduated,1489064001,mobile phones gadgets,Labor City
15864,Android,18-24,920,ALL,Others,1.0,NOTSELECTED,No Degree,1489064001,mobile phones gadgets,Labor City
15865,Android,25-44,2700,ALL,Others,1.0,NOTSELECTED,No Degree,1489064001,mobile phones gadgets,Labor City
15866,Android,45+,800,ALL,Others,1.0,NOTSELECTED,No Degree,1489064001,mobile phones gadgets,Labor City
15867,Android,18-24,170,ALL,Others,2.0,NOTSELECTED,No Degree,1489064001,mobile phones gadgets,Labor City
15868,Android,25-44,300,ALL,Others,2.0,NOTSELECTED,No Degree,1489064001,mobile phones gadgets,Labor City
15869,Android,45+,0,ALL,Others,2.0,NOTSELECTED,No Degree,1489064001,mobile phones gadgets,Labor City
15870,Android,18-24,170,ALL,Others,1.0,NOTSELECTED,High School,1489064001,mobile phones gadgets,Labor City
15871,Android,25-44,770,ALL,Others,1.0,NOTSELECTED,High School,1489064001,mobile phones gadgets,Labor City
15872,Android,45+,150,ALL,Others,1.0,NOTSELECTED,High School,1489064001,mobile phones gadgets,Labor City
15873,Android,18-24,60,ALL,Others,2.0,NOTSELECTED,High School,1489064001,mobile phones gadgets,Labor City
15874,Android,25-44,0,ALL,Others,2.0,NOTSELECTED,High School,1489064001,mobile phones gadgets,Labor City
15875,Android,45+,0,ALL,Others,2.0,NOTSELECTED,High School,1489064001,mobile phones gadgets,Labor City
15876,Android,18-24,460,ALL,India,1.0,NOTSELECTED,Graduated,1489064001,mobile phones gadgets,Educational City
15877,Android,25-44,2100,ALL,India,1.0,NOTSELECTED,Graduated,1489064001,mobile phones gadgets,Educational City
15878,Android,45+,240,ALL,India,1.0,NOTSELECTED,Graduated,1489064001,mobile phones gadgets,Educational City
15879,Android,18-24,0,ALL,India,2.0,NOTSELECTED,Graduated,1489064001,mobile phones gadgets,Educational City
15880,Android,25-44,90,ALL,India,2.0,NOTSELECTED,Graduated,1489064001,mobile phones gadgets,Educational City
15881,Android,45+,0,ALL,India,2.0,NOTSELECTED,Graduated,1489064001,mobile phones gadgets,Educational City
15882,Android,18-24,370,ALL,India,1.0,NOTSELECTED,No Degree,1489064001,mobile phones gadgets,Educational City
15883,Android,25-44,1200,ALL,India,1.0,NOTSELECTED,No Degree,1489064001,mobile phones gadgets,Educational City
15884,Android,45+,340,ALL,India,1.0,NOTSELECTED,No Degree,1489064001,mobile phones gadgets,Educational City
15885,Android,18-24,30,ALL,India,2.0,NOTSELECTED,No Degree,1489064001,mobile phones gadgets,Educational City
15886,Android,25-44,30,ALL,India,2.0,NOTSELECTED,No Degree,1489064001,mobile phones gadgets,Educational City
15887,Android,45+,0,ALL,India,2.0,NOTSELECTED,No Degree,1489064001,mobile phones gadgets,Educational City
15888,Android,18-24,90,ALL,India,1.0,NOTSELECTED,High School,1489064001,mobile phones gadgets,Educational City
15889,Android,25-44,410,ALL,India,1.0,NOTSELECTED,High School,1489064001,mobile phones gadgets,Educational City
15890,Android,45+,90,ALL,India,1.0,NOTSELECTED,High School,1489064001,mobile phones gadgets,Educational City
15891,Android,18-24,0,ALL,India,2.0,NOTSELECTED,High School,1489064001,mobile phones gadgets,Educational City
15892,Android,25-44,0,ALL,India,2.0,NOTSELECTED,High School,1489064001,mobile phones gadgets,Educational City
15893,Android,45+,0,ALL,India,2.0,NOTSELECTED,High School,1489064001,mobile phones gadgets,Educational City
15894,Android,18-24,430,ALL,Bangladesh,1.0,NOTSELECTED,Graduated,1489064001,mobile phones gadgets,Educational City
15895,Android,25-44,650,ALL,Bangladesh,1.0,NOTSELECTED,Graduated,1489064001,mobile phones gadgets,Educational City
15896,Android,45+,0,ALL,Bangladesh,1.0,NOTSELECTED,Graduated,1489064001,mobile phones gadgets,Educational City
15897,Android,18-24,30,ALL,Bangladesh,2.0,NOTSELECTED,Graduated,1489064001,mobile phones gadgets,Educational City
15898,Android,25-44,30,ALL,Bangladesh,2.0,NOTSELECTED,Graduated,1489064001,mobile phones gadgets,Educational City
15899,Android,45+,0,ALL,Bangladesh,2.0,NOTSELECTED,Graduated,1489064001,mobile phones gadgets,Educational City
15900,Android,18-24,770,ALL,Bangladesh,1.0,NOTSELECTED,No Degree,1489064001,mobile phones gadgets,Educational City
15901,Android,25-44,990,ALL,Bangladesh,1.0,NOTSELECTED,No Degree,1489064001,mobile phones gadgets,Educational City
15902,Android,45+,90,ALL,Bangladesh,1.0,NOTSELECTED,No Degree,1489064001,mobile phones gadgets,Educational City
15903,Android,18-24,60,ALL,Bangladesh,2.0,NOTSELECTED,No Degree,1489064001,mobile phones gadgets,Educational City
15904,Android,25-44,30,ALL,Bangladesh,2.0,NOTSELECTED,No Degree,1489064001,mobile phones gadgets,Educational City
15905,Android,45+,0,ALL,Bangladesh,2.0,NOTSELECTED,No Degree,1489064001,mobile phones gadgets,Educational City
15906,Android,18-24,240,ALL,Bangladesh,1.0,NOTSELECTED,High School,1489064001,mobile phones gadgets,Educational City
15907,Android,25-44,280,ALL,Bangladesh,1.0,NOTSELECTED,High School,1489064001,mobile phones gadgets,Educational City
15908,Android,45+,0,ALL,Bangladesh,1.0,NOTSELECTED,High School,1489064001,mobile phones gadgets,Educational City
15909,Android,18-24,30,ALL,Bangladesh,2.0,NOTSELECTED,High School,1489064001,mobile phones gadgets,Educational City
15910,Android,25-44,0,ALL,Bangladesh,2.0,NOTSELECTED,High School,1489064001,mobile phones gadgets,Educational City
15911,Android,45+,0,ALL,Bangladesh,2.0,NOTSELECTED,High School,1489064001,mobile phones gadgets,Educational City
15912,Android,18-24,380,ALL,Nepal,1.0,NOTSELECTED,Graduated,1489064001,mobile phones gadgets,Educational City
15913,Android,25-44,810,ALL,Nepal,1.0,NOTSELECTED,Graduated,1489064001,mobile phones gadgets,Educational City
15914,Android,45+,0,ALL,Nepal,1.0,NOTSELECTED,Graduated,1489064001,mobile phones gadgets,Educational City
15915,Android,18-24,0,ALL,Nepal,2.0,NOTSELECTED,Graduated,1489064001,mobile phones gadgets,Educational City
15916,Android,25-44,30,ALL,Nepal,2.0,NOTSELECTED,Graduated,1489064001,mobile phones gadgets,Educational City
15917,Android,45+,0,ALL,Nepal,2.0,NOTSELECTED,Graduated,1489064001,mobile phones gadgets,Educational City
15918,Android,18-24,930,ALL,Nepal,1.0,NOTSELECTED,No Degree,1489064001,mobile phones gadgets,Educational City
15919,Android,25-44,810,ALL,Nepal,1.0,NOTSELECTED,No Degree,1489064001,mobile phones gadgets,Educational City
15920,Android,45+,120,ALL,Nepal,1.0,NOTSELECTED,No Degree,1489064001,mobile phones gadgets,Educational City
15921,Android,18-24,90,ALL,Nepal,2.0,NOTSELECTED,No Degree,1489064001,mobile phones gadgets,Educational City
15922,Android,25-44,180,ALL,Nepal,2.0,NOTSELECTED,No Degree,1489064001,mobile phones gadgets,Educational City
15923,Android,45+,0,ALL,Nepal,2.0,NOTSELECTED,No Degree,1489064001,mobile phones gadgets,Educational City
15924,Android,18-24,240,ALL,Nepal,1.0,NOTSELECTED,High School,1489064001,mobile phones gadgets,Educational City
15925,Android,25-44,280,ALL,Nepal,1.0,NOTSELECTED,High School,1489064001,mobile phones gadgets,Educational City
15926,Android,45+,0,ALL,Nepal,1.0,NOTSELECTED,High School,1489064001,mobile phones gadgets,Educational City
15927,Android,18-24,60,ALL,Nepal,2.0,NOTSELECTED,High School,1489064001,mobile phones gadgets,Educational City
15928,Android,25-44,60,ALL,Nepal,2.0,NOTSELECTED,High School,1489064001,mobile phones gadgets,Educational City
15929,Android,45+,0,ALL,Nepal,2.0,NOTSELECTED,High School,1489064001,mobile phones gadgets,Educational City
15930,Android,18-24,120,ALL,Philippines,1.0,NOTSELECTED,Graduated,1489064001,mobile phones gadgets,Educational City
15931,Android,25-44,810,ALL,Philippines,1.0,NOTSELECTED,Graduated,1489064001,mobile phones gadgets,Educational City
15932,Android,45+,310,ALL,Philippines,1.0,NOTSELECTED,Graduated,1489064001,mobile phones gadgets,Educational City
15933,Android,18-24,150,ALL,Philippines,2.0,NOTSELECTED,Graduated,1489064001,mobile phones gadgets,Educational City
15934,Android,25-44,1300,ALL,Philippines,2.0,NOTSELECTED,Graduated,1489064001,mobile phones gadgets,Educational City
15935,Android,45+,150,ALL,Philippines,2.0,NOTSELECTED,Graduated,1489064001,mobile phones gadgets,Educational City
15936,Android,18-24,180,ALL,Philippines,1.0,NOTSELECTED,No Degree,1489064001,mobile phones gadgets,Educational City
15937,Android,25-44,310,ALL,Philippines,1.0,NOTSELECTED,No Degree,1489064001,mobile phones gadgets,Educational City
15938,Android,45+,60,ALL,Philippines,1.0,NOTSELECTED,No Degree,1489064001,mobile phones gadgets,Educational City
15939,Android,18-24,120,ALL,Philippines,2.0,NOTSELECTED,No Degree,1489064001,mobile phones gadgets,Educational City
15940,Android,25-44,510,ALL,Philippines,2.0,NOTSELECTED,No Degree,1489064001,mobile phones gadgets,Educational City
15941,Android,45+,90,ALL,Philippines,2.0,NOTSELECTED,No Degree,1489064001,mobile phones gadgets,Educational City
15942,Android,18-24,30,ALL,Philippines,1.0,NOTSELECTED,High School,1489064001,mobile phones gadgets,Educational City
15943,Android,25-44,150,ALL,Philippines,1.0,NOTSELECTED,High School,1489064001,mobile phones gadgets,Educational City
15944,Android,45+,0,ALL,Philippines,1.0,NOTSELECTED,High School,1489064001,mobile phones gadgets,Educational City
15945,Android,18-24,30,ALL,Philippines,2.0,NOTSELECTED,High School,1489064001,mobile phones gadgets,Educational City
15946,Android,25-44,430,ALL,Philippines,2.0,NOTSELECTED,High School,1489064001,mobile phones gadgets,Educational City
15947,Android,45+,0,ALL,Philippines,2.0,NOTSELECTED,High School,1489064001,mobile phones gadgets,Educational City
15948,Android,18-24,0,ALL,Western-US-CA-EU-AU-NZ,1.0,NOTSELECTED,Graduated,1489064001,mobile phones gadgets,Educational City
15949,Android,25-44,90,ALL,Western-US-CA-EU-AU-NZ,1.0,NOTSELECTED,Graduated,1489064001,mobile phones gadgets,Educational City
15950,Android,45+,30,ALL,Western-US-CA-EU-AU-NZ,1.0,NOTSELECTED,Graduated,1489064001,mobile phones gadgets,Educational City
15951,Android,18-24,30,ALL,Western-US-CA-EU-AU-NZ,2.0,NOTSELECTED,Graduated,1489064001,mobile phones gadgets,Educational City
15952,Android,25-44,90,ALL,Western-US-CA-EU-AU-NZ,2.0,NOTSELECTED,Graduated,1489064001,mobile phones gadgets,Educational City
15953,Android,45+,30,ALL,Western-US-CA-EU-AU-NZ,2.0,NOTSELECTED,Graduated,1489064001,mobile phones gadgets,Educational City
15954,Android,18-24,0,ALL,Western-US-CA-EU-AU-NZ,1.0,NOTSELECTED,No Degree,1489064001,mobile phones gadgets,Educational City
15955,Android,25-44,120,ALL,Western-US-CA-EU-AU-NZ,1.0,NOTSELECTED,No Degree,1489064001,mobile phones gadgets,Educational City
15956,Android,45+,90,ALL,Western-US-CA-EU-AU-NZ,1.0,NOTSELECTED,No Degree,1489064001,mobile phones gadgets,Educational City
15957,Android,18-24,0,ALL,Western-US-CA-EU-AU-NZ,2.0,NOTSELECTED,No Degree,1489064001,mobile phones gadgets,Educational City
15958,Android,25-44,30,ALL,Western-US-CA-EU-AU-NZ,2.0,NOTSELECTED,No Degree,1489064001,mobile phones gadgets,Educational City
15959,Android,45+,30,ALL,Western-US-CA-EU-AU-NZ,2.0,NOTSELECTED,No Degree,1489064001,mobile phones gadgets,Educational City
15960,Android,18-24,60,ALL,Western-US-CA-EU-AU-NZ,1.0,NOTSELECTED,High School,1489064001,mobile phones gadgets,Educational City
15961,Android,25-44,0,ALL,Western-US-CA-EU-AU-NZ,1.0,NOTSELECTED,High School,1489064001,mobile phones gadgets,Educational City
15962,Android,45+,0,ALL,Western-US-CA-EU-AU-NZ,1.0,NOTSELECTED,High School,1489064001,mobile phones gadgets,Educational City
15963,Android,18-24,0,ALL,Western-US-CA-EU-AU-NZ,2.0,NOTSELECTED,High School,1489064001,mobile phones gadgets,Educational City
15964,Android,25-44,30,ALL,Western-US-CA-EU-AU-NZ,2.0,NOTSELECTED,High School,1489064001,mobile phones gadgets,Educational City
15965,Android,45+,0,ALL,Western-US-CA-EU-AU-NZ,2.0,NOTSELECTED,High School,1489064001,mobile phones gadgets,Educational City
15966,Android,18-24,180,ALL,Not Expats,1.0,NOTSELECTED,Graduated,1489064001,mobile phones gadgets,Educational City
15967,Android,25-44,590,ALL,Not Expats,1.0,NOTSELECTED,Graduated,1489064001,mobile phones gadgets,Educational City
15968,Android,45+,90,ALL,Not Expats,1.0,NOTSELECTED,Graduated,1489064001,mobile phones gadgets,Educational City
15969,Android,18-24,0,ALL,Not Expats,2.0,NOTSELECTED,Graduated,1489064001,mobile phones gadgets,Educational City
15970,Android,25-44,120,ALL,Not Expats,2.0,NOTSELECTED,Graduated,1489064001,mobile phones gadgets,Educational City
15971,Android,45+,0,ALL,Not Expats,2.0,NOTSELECTED,Graduated,1489064001,mobile phones gadgets,Educational City
15972,Android,18-24,120,ALL,Not Expats,1.0,NOTSELECTED,No Degree,1489064001,mobile phones gadgets,Educational City
15973,Android,25-44,340,ALL,Not Expats,1.0,NOTSELECTED,No Degree,1489064001,mobile phones gadgets,Educational City
15974,Android,45+,90,ALL,Not Expats,1.0,NOTSELECTED,No Degree,1489064001,mobile phones gadgets,Educational City
15975,Android,18-24,60,ALL,Not Expats,2.0,NOTSELECTED,No Degree,1489064001,mobile phones gadgets,Educational City
15976,Android,25-44,30,ALL,Not Expats,2.0,NOTSELECTED,No Degree,1489064001,mobile phones gadgets,Educational City
15977,Android,45+,0,ALL,Not Expats,2.0,NOTSELECTED,No Degree,1489064001,mobile phones gadgets,Educational City
15978,Android,18-24,30,ALL,Not Expats,1.0,NOTSELECTED,High School,1489064001,mobile phones gadgets,Educational City
15979,Android,25-44,150,ALL,Not Expats,1.0,NOTSELECTED,High School,1489064001,mobile phones gadgets,Educational City
15980,Android,45+,0,ALL,Not Expats,1.0,NOTSELECTED,High School,1489064001,mobile phones gadgets,Educational City
15981,Android,18-24,60,ALL,Not Expats,2.0,NOTSELECTED,High School,1489064001,mobile phones gadgets,Educational City
15982,Android,25-44,30,ALL,Not Expats,2.0,NOTSELECTED,High School,1489064001,mobile phones gadgets,Educational City
15983,Android,45+,0,ALL,Not Expats,2.0,NOTSELECTED,High School,1489064001,mobile phones gadgets,Educational City
15984,Android,18-24,530,ALL,Others,1.0,NOTSELECTED,Graduated,1489064001,mobile phones gadgets,Educational City
15985,Android,25-44,3500,ALL,Others,1.0,NOTSELECTED,Graduated,1489064001,mobile phones gadgets,Educational City
15986,Android,45+,460,ALL,Others,1.0,NOTSELECTED,Graduated,1489064001,mobile phones gadgets,Educational City
15987,Android,18-24,30,ALL,Others,2.0,NOTSELECTED,Graduated,1489064001,mobile phones gadgets,Educational City
15988,Android,25-44,370,ALL,Others,2.0,NOTSELECTED,Graduated,1489064001,mobile phones gadgets,Educational City
15989,Android,45+,150,ALL,Others,2.0,NOTSELECTED,Graduated,1489064001,mobile phones gadgets,Educational City
15990,Android,18-24,490,ALL,Others,1.0,NOTSELECTED,No Degree,1489064001,mobile phones gadgets,Educational City
15991,Android,25-44,2100,ALL,Others,1.0,NOTSELECTED,No Degree,1489064001,mobile phones gadgets,Educational City
15992,Android,45+,280,ALL,Others,1.0,NOTSELECTED,No Degree,1489064001,mobile phones gadgets,Educational City
15993,Android,18-24,280,ALL,Others,2.0,NOTSELECTED,No Degree,1489064001,mobile phones gadgets,Educational City
15994,Android,25-44,430,ALL,Others,2.0,NOTSELECTED,No Degree,1489064001,mobile phones gadgets,Educational City
15995,Android,45+,60,ALL,Others,2.0,NOTSELECTED,No Degree,1489064001,mobile phones gadgets,Educational City
15996,Android,18-24,370,ALL,Others,1.0,NOTSELECTED,High School,1489064001,mobile phones gadgets,Educational City
15997,Android,25-44,680,ALL,Others,1.0,NOTSELECTED,High School,1489064001,mobile phones gadgets,Educational City
15998,Android,45+,30,ALL,Others,1.0,NOTSELECTED,High School,1489064001,mobile phones gadgets,Educational City
15999,Android,18-24,120,ALL,Others,2.0,NOTSELECTED,High School,1489064001,mobile phones gadgets,Educational City
16000,Android,25-44,240,ALL,Others,2.0,NOTSELECTED,High School,1489064001,mobile phones gadgets,Educational City
16001,Android,45+,60,ALL,Others,2.0,NOTSELECTED,High School,1489064001,mobile phones gadgets,Educational City
16002,Android,18-24,290,ALL,India,1.0,NOTSELECTED,Graduated,1489064001,mobile phones gadgets,Perl
16003,Android,25-44,930,ALL,India,1.0,NOTSELECTED,Graduated,1489064001,mobile phones gadgets,Perl
16004,Android,45+,90,ALL,India,1.0,NOTSELECTED,Graduated,1489064001,mobile phones gadgets,Perl
16005,Android,18-24,0,ALL,India,2.0,NOTSELECTED,Graduated,1489064001,mobile phones gadgets,Perl
16006,Android,25-44,0,ALL,India,2.0,NOTSELECTED,Graduated,1489064001,mobile phones gadgets,Perl
16007,Android,45+,0,ALL,India,2.0,NOTSELECTED,Graduated,1489064001,mobile phones gadgets,Perl
16008,Android,18-24,90,ALL,India,1.0,NOTSELECTED,No Degree,1489064001,mobile phones gadgets,Perl
16009,Android,25-44,980,ALL,India,1.0,NOTSELECTED,No Degree,1489064001,mobile phones gadgets,Perl
16010,Android,45+,140,ALL,India,1.0,NOTSELECTED,No Degree,1489064001,mobile phones gadgets,Perl
16011,Android,18-24,0,ALL,India,2.0,NOTSELECTED,No Degree,1489064001,mobile phones gadgets,Perl
16012,Android,25-44,0,ALL,India,2.0,NOTSELECTED,No Degree,1489064001,mobile phones gadgets,Perl
16013,Android,45+,0,ALL,India,2.0,NOTSELECTED,No Degree,1489064001,mobile phones gadgets,Perl
16014,Android,18-24,90,ALL,India,1.0,NOTSELECTED,High School,1489064001,mobile phones gadgets,Perl
16015,Android,25-44,390,ALL,India,1.0,NOTSELECTED,High School,1489064001,mobile phones gadgets,Perl
16016,Android,45+,40,ALL,India,1.0,NOTSELECTED,High School,1489064001,mobile phones gadgets,Perl
16017,Android,18-24,40,ALL,India,2.0,NOTSELECTED,High School,1489064001,mobile phones gadgets,Perl
16018,Android,25-44,0,ALL,India,2.0,NOTSELECTED,High School,1489064001,mobile phones gadgets,Perl
16019,Android,45+,0,ALL,India,2.0,NOTSELECTED,High School,1489064001,mobile phones gadgets,Perl
16020,Android,18-24,140,ALL,Bangladesh,1.0,NOTSELECTED,Graduated,1489064001,mobile phones gadgets,Perl
16021,Android,25-44,590,ALL,Bangladesh,1.0,NOTSELECTED,Graduated,1489064001,mobile phones gadgets,Perl
16022,Android,45+,0,ALL,Bangladesh,1.0,NOTSELECTED,Graduated,1489064001,mobile phones gadgets,Perl
16023,Android,18-24,0,ALL,Bangladesh,2.0,NOTSELECTED,Graduated,1489064001,mobile phones gadgets,Perl
16024,Android,25-44,0,ALL,Bangladesh,2.0,NOTSELECTED,Graduated,1489064001,mobile phones gadgets,Perl
16025,Android,45+,0,ALL,Bangladesh,2.0,NOTSELECTED,Graduated,1489064001,mobile phones gadgets,Perl
16026,Android,18-24,340,ALL,Bangladesh,1.0,NOTSELECTED,No Degree,1489064001,mobile phones gadgets,Perl
16027,Android,25-44,490,ALL,Bangladesh,1.0,NOTSELECTED,No Degree,1489064001,mobile phones gadgets,Perl
16028,Android,45+,0,ALL,Bangladesh,1.0,NOTSELECTED,No Degree,1489064001,mobile phones gadgets,Perl
16029,Android,18-24,0,ALL,Bangladesh,2.0,NOTSELECTED,No Degree,1489064001,mobile phones gadgets,Perl
16030,Android,25-44,40,ALL,Bangladesh,2.0,NOTSELECTED,No Degree,1489064001,mobile phones gadgets,Perl
16031,Android,45+,0,ALL,Bangladesh,2.0,NOTSELECTED,No Degree,1489064001,mobile phones gadgets,Perl
16032,Android,18-24,40,ALL,Bangladesh,1.0,NOTSELECTED,High School,1489064001,mobile phones gadgets,Perl
16033,Android,25-44,0,ALL,Bangladesh,1.0,NOTSELECTED,High School,1489064001,mobile phones gadgets,Perl
16034,Android,45+,0,ALL,Bangladesh,1.0,NOTSELECTED,High School,1489064001,mobile phones gadgets,Perl
16035,Android,18-24,0,ALL,Bangladesh,2.0,NOTSELECTED,High School,1489064001,mobile phones gadgets,Perl
16036,Android,25-44,0,ALL,Bangladesh,2.0,NOTSELECTED,High School,1489064001,mobile phones gadgets,Perl
16037,Android,45+,0,ALL,Bangladesh,2.0,NOTSELECTED,High School,1489064001,mobile phones gadgets,Perl
16038,Android,18-24,340,ALL,Nepal,1.0,NOTSELECTED,Graduated,1489064001,mobile phones gadgets,Perl
16039,Android,25-44,980,ALL,Nepal,1.0,NOTSELECTED,Graduated,1489064001,mobile phones gadgets,Perl
16040,Android,45+,0,ALL,Nepal,1.0,NOTSELECTED,Graduated,1489064001,mobile phones gadgets,Perl
16041,Android,18-24,40,ALL,Nepal,2.0,NOTSELECTED,Graduated,1489064001,mobile phones gadgets,Perl
16042,Android,25-44,0,ALL,Nepal,2.0,NOTSELECTED,Graduated,1489064001,mobile phones gadgets,Perl
16043,Android,45+,0,ALL,Nepal,2.0,NOTSELECTED,Graduated,1489064001,mobile phones gadgets,Perl
16044,Android,18-24,1100,ALL,Nepal,1.0,NOTSELECTED,No Degree,1489064001,mobile phones gadgets,Perl
16045,Android,25-44,590,ALL,Nepal,1.0,NOTSELECTED,No Degree,1489064001,mobile phones gadgets,Perl
16046,Android,45+,40,ALL,Nepal,1.0,NOTSELECTED,No Degree,1489064001,mobile phones gadgets,Perl
16047,Android,18-24,90,ALL,Nepal,2.0,NOTSELECTED,No Degree,1489064001,mobile phones gadgets,Perl
16048,Android,25-44,40,ALL,Nepal,2.0,NOTSELECTED,No Degree,1489064001,mobile phones gadgets,Perl
16049,Android,45+,0,ALL,Nepal,2.0,NOTSELECTED,No Degree,1489064001,mobile phones gadgets,Perl
16050,Android,18-24,40,ALL,Nepal,1.0,NOTSELECTED,High School,1489064001,mobile phones gadgets,Perl
16051,Android,25-44,40,ALL,Nepal,1.0,NOTSELECTED,High School,1489064001,mobile phones gadgets,Perl
16052,Android,45+,0,ALL,Nepal,1.0,NOTSELECTED,High School,1489064001,mobile phones gadgets,Perl
16053,Android,18-24,0,ALL,Nepal,2.0,NOTSELECTED,High School,1489064001,mobile phones gadgets,Perl
16054,Android,25-44,0,ALL,Nepal,2.0,NOTSELECTED,High School,1489064001,mobile phones gadgets,Perl
16055,Android,45+,0,ALL,Nepal,2.0,NOTSELECTED,High School,1489064001,mobile phones gadgets,Perl
16056,Android,18-24,90,ALL,Philippines,1.0,NOTSELECTED,Graduated,1489064001,mobile phones gadgets,Perl
16057,Android,25-44,1200,ALL,Philippines,1.0,NOTSELECTED,Graduated,1489064001,mobile phones gadgets,Perl
16058,Android,45+,140,ALL,Philippines,1.0,NOTSELECTED,Graduated,1489064001,mobile phones gadgets,Perl
16059,Android,18-24,140,ALL,Philippines,2.0,NOTSELECTED,Graduated,1489064001,mobile phones gadgets,Perl
16060,Android,25-44,1200,ALL,Philippines,2.0,NOTSELECTED,Graduated,1489064001,mobile phones gadgets,Perl
16061,Android,45+,240,ALL,Philippines,2.0,NOTSELECTED,Graduated,1489064001,mobile phones gadgets,Perl
16062,Android,18-24,190,ALL,Philippines,1.0,NOTSELECTED,No Degree,1489064001,mobile phones gadgets,Perl
16063,Android,25-44,640,ALL,Philippines,1.0,NOTSELECTED,No Degree,1489064001,mobile phones gadgets,Perl
16064,Android,45+,90,ALL,Philippines,1.0,NOTSELECTED,No Degree,1489064001,mobile phones gadgets,Perl
16065,Android,18-24,40,ALL,Philippines,2.0,NOTSELECTED,No Degree,1489064001,mobile phones gadgets,Perl
16066,Android,25-44,340,ALL,Philippines,2.0,NOTSELECTED,No Degree,1489064001,mobile phones gadgets,Perl
16067,Android,45+,90,ALL,Philippines,2.0,NOTSELECTED,No Degree,1489064001,mobile phones gadgets,Perl
16068,Android,18-24,90,ALL,Philippines,1.0,NOTSELECTED,High School,1489064001,mobile phones gadgets,Perl
16069,Android,25-44,290,ALL,Philippines,1.0,NOTSELECTED,High School,1489064001,mobile phones gadgets,Perl
16070,Android,45+,0,ALL,Philippines,1.0,NOTSELECTED,High School,1489064001,mobile phones gadgets,Perl
16071,Android,18-24,40,ALL,Philippines,2.0,NOTSELECTED,High School,1489064001,mobile phones gadgets,Perl
16072,Android,25-44,390,ALL,Philippines,2.0,NOTSELECTED,High School,1489064001,mobile phones gadgets,Perl
16073,Android,45+,40,ALL,Philippines,2.0,NOTSELECTED,High School,1489064001,mobile phones gadgets,Perl
16074,Android,18-24,140,ALL,Western-US-CA-EU-AU-NZ,1.0,NOTSELECTED,Graduated,1489064001,mobile phones gadgets,Perl
16075,Android,25-44,640,ALL,Western-US-CA-EU-AU-NZ,1.0,NOTSELECTED,Graduated,1489064001,mobile phones gadgets,Perl
16076,Android,45+,340,ALL,Western-US-CA-EU-AU-NZ,1.0,NOTSELECTED,Graduated,1489064001,mobile phones gadgets,Perl
16077,Android,18-24,0,ALL,Western-US-CA-EU-AU-NZ,2.0,NOTSELECTED,Graduated,1489064001,mobile phones gadgets,Perl
16078,Android,25-44,590,ALL,Western-US-CA-EU-AU-NZ,2.0,NOTSELECTED,Graduated,1489064001,mobile phones gadgets,Perl
16079,Android,45+,40,ALL,Western-US-CA-EU-AU-NZ,2.0,NOTSELECTED,Graduated,1489064001,mobile phones gadgets,Perl
16080,Android,18-24,0,ALL,Western-US-CA-EU-AU-NZ,1.0,NOTSELECTED,No Degree,1489064001,mobile phones gadgets,Perl
16081,Android,25-44,90,ALL,Western-US-CA-EU-AU-NZ,1.0,NOTSELECTED,No Degree,1489064001,mobile phones gadgets,Perl
16082,Android,45+,0,ALL,Western-US-CA-EU-AU-NZ,1.0,NOTSELECTED,No Degree,1489064001,mobile phones gadgets,Perl
16083,Android,18-24,0,ALL,Western-US-CA-EU-AU-NZ,2.0,NOTSELECTED,No Degree,1489064001,mobile phones gadgets,Perl
16084,Android,25-44,40,ALL,Western-US-CA-EU-AU-NZ,2.0,NOTSELECTED,No Degree,1489064001,mobile phones gadgets,Perl
16085,Android,45+,190,ALL,Western-US-CA-EU-AU-NZ,2.0,NOTSELECTED,No Degree,1489064001,mobile phones gadgets,Perl
16086,Android,18-24,40,ALL,Western-US-CA-EU-AU-NZ,1.0,NOTSELECTED,High School,1489064001,mobile phones gadgets,Perl
16087,Android,25-44,0,ALL,Western-US-CA-EU-AU-NZ,1.0,NOTSELECTED,High School,1489064001,mobile phones gadgets,Perl
16088,Android,45+,40,ALL,Western-US-CA-EU-AU-NZ,1.0,NOTSELECTED,High School,1489064001,mobile phones gadgets,Perl
16089,Android,18-24,0,ALL,Western-US-CA-EU-AU-NZ,2.0,NOTSELECTED,High School,1489064001,mobile phones gadgets,Perl
16090,Android,25-44,0,ALL,Western-US-CA-EU-AU-NZ,2.0,NOTSELECTED,High School,1489064001,mobile phones gadgets,Perl
16091,Android,45+,40,ALL,Western-US-CA-EU-AU-NZ,2.0,NOTSELECTED,High School,1489064001,mobile phones gadgets,Perl
16092,Android,18-24,90,ALL,Not Expats,1.0,NOTSELECTED,Graduated,1489064001,mobile phones gadgets,Perl
16093,Android,25-44,140,ALL,Not Expats,1.0,NOTSELECTED,Graduated,1489064001,mobile phones gadgets,Perl
16094,Android,45+,0,ALL,Not Expats,1.0,NOTSELECTED,Graduated,1489064001,mobile phones gadgets,Perl
16095,Android,18-24,40,ALL,Not Expats,2.0,NOTSELECTED,Graduated,1489064001,mobile phones gadgets,Perl
16096,Android,25-44,190,ALL,Not Expats,2.0,NOTSELECTED,Graduated,1489064001,mobile phones gadgets,Perl
16097,Android,45+,0,ALL,Not Expats,2.0,NOTSELECTED,Graduated,1489064001,mobile phones gadgets,Perl
16098,Android,18-24,240,ALL,Not Expats,1.0,NOTSELECTED,No Degree,1489064001,mobile phones gadgets,Perl
16099,Android,25-44,390,ALL,Not Expats,1.0,NOTSELECTED,No Degree,1489064001,mobile phones gadgets,Perl
16100,Android,45+,40,ALL,Not Expats,1.0,NOTSELECTED,No Degree,1489064001,mobile phones gadgets,Perl
16101,Android,18-24,0,ALL,Not Expats,2.0,NOTSELECTED,No Degree,1489064001,mobile phones gadgets,Perl
16102,Android,25-44,90,ALL,Not Expats,2.0,NOTSELECTED,No Degree,1489064001,mobile phones gadgets,Perl
16103,Android,45+,290,ALL,Not Expats,2.0,NOTSELECTED,No Degree,1489064001,mobile phones gadgets,Perl
16104,Android,18-24,0,ALL,Not Expats,1.0,NOTSELECTED,High School,1489064001,mobile phones gadgets,Perl
16105,Android,25-44,90,ALL,Not Expats,1.0,NOTSELECTED,High School,1489064001,mobile phones gadgets,Perl
16106,Android,45+,0,ALL,Not Expats,1.0,NOTSELECTED,High School,1489064001,mobile phones gadgets,Perl
16107,Android,18-24,0,ALL,Not Expats,2.0,NOTSELECTED,High School,1489064001,mobile phones gadgets,Perl
16108,Android,25-44,40,ALL,Not Expats,2.0,NOTSELECTED,High School,1489064001,mobile phones gadgets,Perl
16109,Android,45+,0,ALL,Not Expats,2.0,NOTSELECTED,High School,1489064001,mobile phones gadgets,Perl
16110,Android,18-24,440,ALL,Others,1.0,NOTSELECTED,Graduated,1489064001,mobile phones gadgets,Perl
16111,Android,25-44,2200,ALL,Others,1.0,NOTSELECTED,Graduated,1489064001,mobile phones gadgets,Perl
16112,Android,45+,640,ALL,Others,1.0,NOTSELECTED,Graduated,1489064001,mobile phones gadgets,Perl
16113,Android,18-24,90,ALL,Others,2.0,NOTSELECTED,Graduated,1489064001,mobile phones gadgets,Perl
16114,Android,25-44,850,ALL,Others,2.0,NOTSELECTED,Graduated,1489064001,mobile phones gadgets,Perl
16115,Android,45+,140,ALL,Others,2.0,NOTSELECTED,Graduated,1489064001,mobile phones gadgets,Perl
16116,Android,18-24,300,ALL,Others,1.0,NOTSELECTED,No Degree,1489064001,mobile phones gadgets,Perl
16117,Android,25-44,1300,ALL,Others,1.0,NOTSELECTED,No Degree,1489064001,mobile phones gadgets,Perl
16118,Android,45+,340,ALL,Others,1.0,NOTSELECTED,No Degree,1489064001,mobile phones gadgets,Perl
16119,Android,18-24,140,ALL,Others,2.0,NOTSELECTED,No Degree,1489064001,mobile phones gadgets,Perl
16120,Android,25-44,340,ALL,Others,2.0,NOTSELECTED,No Degree,1489064001,mobile phones gadgets,Perl
16121,Android,45+,40,ALL,Others,2.0,NOTSELECTED,No Degree,1489064001,mobile phones gadgets,Perl
16122,Android,18-24,140,ALL,Others,1.0,NOTSELECTED,High School,1489064001,mobile phones gadgets,Perl
16123,Android,25-44,590,ALL,Others,1.0,NOTSELECTED,High School,1489064001,mobile phones gadgets,Perl
16124,Android,45+,190,ALL,Others,1.0,NOTSELECTED,High School,1489064001,mobile phones gadgets,Perl
16125,Android,18-24,40,ALL,Others,2.0,NOTSELECTED,High School,1489064001,mobile phones gadgets,Perl
16126,Android,25-44,90,ALL,Others,2.0,NOTSELECTED,High School,1489064001,mobile phones gadgets,Perl
16127,Android,45+,40,ALL,Others,2.0,NOTSELECTED,High School,1489064001,mobile phones gadgets,Perl
16128,Other,18-24,0,ALL,India,1.0,NOTSELECTED,Graduated,1489064001,mobile phones gadgets,West Bay
16129,Other,25-44,0,ALL,India,1.0,NOTSELECTED,Graduated,1489064001,mobile phones gadgets,West Bay
16130,Other,45+,0,ALL,India,1.0,NOTSELECTED,Graduated,1489064001,mobile phones gadgets,West Bay
16131,Other,18-24,0,ALL,India,2.0,NOTSELECTED,Graduated,1489064001,mobile phones gadgets,West Bay
16132,Other,25-44,0,ALL,India,2.0,NOTSELECTED,Graduated,1489064001,mobile phones gadgets,West Bay
16133,Other,45+,0,ALL,India,2.0,NOTSELECTED,Graduated,1489064001,mobile phones gadgets,West Bay
16134,Other,18-24,0,ALL,India,1.0,NOTSELECTED,No Degree,1489064001,mobile phones gadgets,West Bay
16135,Other,25-44,60,ALL,India,1.0,NOTSELECTED,No Degree,1489064001,mobile phones gadgets,West Bay
16136,Other,45+,60,ALL,India,1.0,NOTSELECTED,No Degree,1489064001,mobile phones gadgets,West Bay
16137,Other,18-24,0,ALL,India,2.0,NOTSELECTED,No Degree,1489064001,mobile phones gadgets,West Bay
16138,Other,25-44,60,ALL,India,2.0,NOTSELECTED,No Degree,1489064001,mobile phones gadgets,West Bay
16139,Other,45+,0,ALL,India,2.0,NOTSELECTED,No Degree,1489064001,mobile phones gadgets,West Bay
16140,Other,18-24,0,ALL,India,1.0,NOTSELECTED,High School,1489064001,mobile phones gadgets,West Bay
16141,Other,25-44,70,ALL,India,1.0,NOTSELECTED,High School,1489064001,mobile phones gadgets,West Bay
16142,Other,45+,60,ALL,India,1.0,NOTSELECTED,High School,1489064001,mobile phones gadgets,West Bay
16143,Other,18-24,0,ALL,India,2.0,NOTSELECTED,High School,1489064001,mobile phones gadgets,West Bay
16144,Other,25-44,0,ALL,India,2.0,NOTSELECTED,High School,1489064001,mobile phones gadgets,West Bay
16145,Other,45+,0,ALL,India,2.0,NOTSELECTED,High School,1489064001,mobile phones gadgets,West Bay
16146,Other,18-24,0,ALL,Bangladesh,1.0,NOTSELECTED,Graduated,1489064001,mobile phones gadgets,West Bay
16147,Other,25-44,0,ALL,Bangladesh,1.0,NOTSELECTED,Graduated,1489064001,mobile phones gadgets,West Bay
16148,Other,45+,0,ALL,Bangladesh,1.0,NOTSELECTED,Graduated,1489064001,mobile phones gadgets,West Bay
16149,Other,18-24,0,ALL,Bangladesh,2.0,NOTSELECTED,Graduated,1489064001,mobile phones gadgets,West Bay
16150,Other,25-44,0,ALL,Bangladesh,2.0,NOTSELECTED,Graduated,1489064001,mobile phones gadgets,West Bay
16151,Other,45+,0,ALL,Bangladesh,2.0,NOTSELECTED,Graduated,1489064001,mobile phones gadgets,West Bay
16152,Other,18-24,120,ALL,Bangladesh,1.0,NOTSELECTED,No Degree,1489064001,mobile phones gadgets,West Bay
16153,Other,25-44,60,ALL,Bangladesh,1.0,NOTSELECTED,No Degree,1489064001,mobile phones gadgets,West Bay
16154,Other,45+,0,ALL,Bangladesh,1.0,NOTSELECTED,No Degree,1489064001,mobile phones gadgets,West Bay
16155,Other,18-24,0,ALL,Bangladesh,2.0,NOTSELECTED,No Degree,1489064001,mobile phones gadgets,West Bay
16156,Other,25-44,0,ALL,Bangladesh,2.0,NOTSELECTED,No Degree,1489064001,mobile phones gadgets,West Bay
16157,Other,45+,0,ALL,Bangladesh,2.0,NOTSELECTED,No Degree,1489064001,mobile phones gadgets,West Bay
16158,Other,18-24,0,ALL,Bangladesh,1.0,NOTSELECTED,High School,1489064001,mobile phones gadgets,West Bay
16159,Other,25-44,0,ALL,Bangladesh,1.0,NOTSELECTED,High School,1489064001,mobile phones gadgets,West Bay
16160,Other,45+,0,ALL,Bangladesh,1.0,NOTSELECTED,High School,1489064001,mobile phones gadgets,West Bay
16161,Other,18-24,0,ALL,Bangladesh,2.0,NOTSELECTED,High School,1489064001,mobile phones gadgets,West Bay
16162,Other,25-44,0,ALL,Bangladesh,2.0,NOTSELECTED,High School,1489064001,mobile phones gadgets,West Bay
16163,Other,45+,0,ALL,Bangladesh,2.0,NOTSELECTED,High School,1489064001,mobile phones gadgets,West Bay
16164,Other,18-24,0,ALL,Nepal,1.0,NOTSELECTED,Graduated,1489064001,mobile phones gadgets,West Bay
16165,Other,25-44,0,ALL,Nepal,1.0,NOTSELECTED,Graduated,1489064001,mobile phones gadgets,West Bay
16166,Other,45+,0,ALL,Nepal,1.0,NOTSELECTED,Graduated,1489064001,mobile phones gadgets,West Bay
16167,Other,18-24,0,ALL,Nepal,2.0,NOTSELECTED,Graduated,1489064001,mobile phones gadgets,West Bay
16168,Other,25-44,0,ALL,Nepal,2.0,NOTSELECTED,Graduated,1489064001,mobile phones gadgets,West Bay
16169,Other,45+,0,ALL,Nepal,2.0,NOTSELECTED,Graduated,1489064001,mobile phones gadgets,West Bay
16170,Other,18-24,60,ALL,Nepal,1.0,NOTSELECTED,No Degree,1489064001,mobile phones gadgets,West Bay
16171,Other,25-44,120,ALL,Nepal,1.0,NOTSELECTED,No Degree,1489064001,mobile phones gadgets,West Bay
16172,Other,45+,0,ALL,Nepal,1.0,NOTSELECTED,No Degree,1489064001,mobile phones gadgets,West Bay
16173,Other,18-24,0,ALL,Nepal,2.0,NOTSELECTED,No Degree,1489064001,mobile phones gadgets,West Bay
16174,Other,25-44,0,ALL,Nepal,2.0,NOTSELECTED,No Degree,1489064001,mobile phones gadgets,West Bay
16175,Other,45+,0,ALL,Nepal,2.0,NOTSELECTED,No Degree,1489064001,mobile phones gadgets,West Bay
16176,Other,18-24,0,ALL,Nepal,1.0,NOTSELECTED,High School,1489064001,mobile phones gadgets,West Bay
16177,Other,25-44,0,ALL,Nepal,1.0,NOTSELECTED,High School,1489064001,mobile phones gadgets,West Bay
16178,Other,45+,0,ALL,Nepal,1.0,NOTSELECTED,High School,1489064001,mobile phones gadgets,West Bay
16179,Other,18-24,0,ALL,Nepal,2.0,NOTSELECTED,High School,1489064001,mobile phones gadgets,West Bay
16180,Other,25-44,0,ALL,Nepal,2.0,NOTSELECTED,High School,1489064001,mobile phones gadgets,West Bay
16181,Other,45+,0,ALL,Nepal,2.0,NOTSELECTED,High School,1489064001,mobile phones gadgets,West Bay
16182,Other,18-24,0,ALL,Philippines,1.0,NOTSELECTED,Graduated,1489064001,mobile phones gadgets,West Bay
16183,Other,25-44,0,ALL,Philippines,1.0,NOTSELECTED,Graduated,1489064001,mobile phones gadgets,West Bay
16184,Other,45+,0,ALL,Philippines,1.0,NOTSELECTED,Graduated,1489064001,mobile phones gadgets,West Bay
16185,Other,18-24,0,ALL,Philippines,2.0,NOTSELECTED,Graduated,1489064001,mobile phones gadgets,West Bay
16186,Other,25-44,60,ALL,Philippines,2.0,NOTSELECTED,Graduated,1489064001,mobile phones gadgets,West Bay
16187,Other,45+,0,ALL,Philippines,2.0,NOTSELECTED,Graduated,1489064001,mobile phones gadgets,West Bay
16188,Other,18-24,0,ALL,Philippines,1.0,NOTSELECTED,No Degree,1489064001,mobile phones gadgets,West Bay
16189,Other,25-44,60,ALL,Philippines,1.0,NOTSELECTED,No Degree,1489064001,mobile phones gadgets,West Bay
16190,Other,45+,0,ALL,Philippines,1.0,NOTSELECTED,No Degree,1489064001,mobile phones gadgets,West Bay
16191,Other,18-24,0,ALL,Philippines,2.0,NOTSELECTED,No Degree,1489064001,mobile phones gadgets,West Bay
16192,Other,25-44,0,ALL,Philippines,2.0,NOTSELECTED,No Degree,1489064001,mobile phones gadgets,West Bay
16193,Other,45+,0,ALL,Philippines,2.0,NOTSELECTED,No Degree,1489064001,mobile phones gadgets,West Bay
16194,Other,18-24,0,ALL,Philippines,1.0,NOTSELECTED,High School,1489064001,mobile phones gadgets,West Bay
16195,Other,25-44,0,ALL,Philippines,1.0,NOTSELECTED,High School,1489064001,mobile phones gadgets,West Bay
16196,Other,45+,0,ALL,Philippines,1.0,NOTSELECTED,High School,1489064001,mobile phones gadgets,West Bay
16197,Other,18-24,0,ALL,Philippines,2.0,NOTSELECTED,High School,1489064001,mobile phones gadgets,West Bay
16198,Other,25-44,0,ALL,Philippines,2.0,NOTSELECTED,High School,1489064001,mobile phones gadgets,West Bay
16199,Other,45+,0,ALL,Philippines,2.0,NOTSELECTED,High School,1489064001,mobile phones gadgets,West Bay
16200,Other,18-24,0,ALL,Western-US-CA-EU-AU-NZ,1.0,NOTSELECTED,Graduated,1489064001,mobile phones gadgets,West Bay
16201,Other,25-44,0,ALL,Western-US-CA-EU-AU-NZ,1.0,NOTSELECTED,Graduated,1489064001,mobile phones gadgets,West Bay
16202,Other,45+,0,ALL,Western-US-CA-EU-AU-NZ,1.0,NOTSELECTED,Graduated,1489064001,mobile phones gadgets,West Bay
16203,Other,18-24,0,ALL,Western-US-CA-EU-AU-NZ,2.0,NOTSELECTED,Graduated,1489064001,mobile phones gadgets,West Bay
16204,Other,25-44,60,ALL,Western-US-CA-EU-AU-NZ,2.0,NOTSELECTED,Graduated,1489064001,mobile phones gadgets,West Bay
16205,Other,45+,0,ALL,Western-US-CA-EU-AU-NZ,2.0,NOTSELECTED,Graduated,1489064001,mobile phones gadgets,West Bay
16206,Other,18-24,0,ALL,Western-US-CA-EU-AU-NZ,1.0,NOTSELECTED,No Degree,1489064001,mobile phones gadgets,West Bay
16207,Other,25-44,0,ALL,Western-US-CA-EU-AU-NZ,1.0,NOTSELECTED,No Degree,1489064001,mobile phones gadgets,West Bay
16208,Other,45+,0,ALL,Western-US-CA-EU-AU-NZ,1.0,NOTSELECTED,No Degree,1489064001,mobile phones gadgets,West Bay
16209,Other,18-24,0,ALL,Western-US-CA-EU-AU-NZ,2.0,NOTSELECTED,No Degree,1489064001,mobile phones gadgets,West Bay
16210,Other,25-44,0,ALL,Western-US-CA-EU-AU-NZ,2.0,NOTSELECTED,No Degree,1489064001,mobile phones gadgets,West Bay
16211,Other,45+,0,ALL,Western-US-CA-EU-AU-NZ,2.0,NOTSELECTED,No Degree,1489064001,mobile phones gadgets,West Bay
16212,Other,18-24,0,ALL,Western-US-CA-EU-AU-NZ,1.0,NOTSELECTED,High School,1489064001,mobile phones gadgets,West Bay
16213,Other,25-44,0,ALL,Western-US-CA-EU-AU-NZ,1.0,NOTSELECTED,High School,1489064001,mobile phones gadgets,West Bay
16214,Other,45+,0,ALL,Western-US-CA-EU-AU-NZ,1.0,NOTSELECTED,High School,1489064001,mobile phones gadgets,West Bay
16215,Other,18-24,0,ALL,Western-US-CA-EU-AU-NZ,2.0,NOTSELECTED,High School,1489064001,mobile phones gadgets,West Bay
16216,Other,25-44,0,ALL,Western-US-CA-EU-AU-NZ,2.0,NOTSELECTED,High School,1489064001,mobile phones gadgets,West Bay
16217,Other,45+,0,ALL,Western-US-CA-EU-AU-NZ,2.0,NOTSELECTED,High School,1489064001,mobile phones gadgets,West Bay
16218,Other,18-24,120,ALL,Not Expats,1.0,NOTSELECTED,Graduated,1489064001,mobile phones gadgets,West Bay
16219,Other,25-44,60,ALL,Not Expats,1.0,NOTSELECTED,Graduated,1489064001,mobile phones gadgets,West Bay
16220,Other,45+,0,ALL,Not Expats,1.0,NOTSELECTED,Graduated,1489064001,mobile phones gadgets,West Bay
16221,Other,18-24,0,ALL,Not Expats,2.0,NOTSELECTED,Graduated,1489064001,mobile phones gadgets,West Bay
16222,Other,25-44,60,ALL,Not Expats,2.0,NOTSELECTED,Graduated,1489064001,mobile phones gadgets,West Bay
16223,Other,45+,60,ALL,Not Expats,2.0,NOTSELECTED,Graduated,1489064001,mobile phones gadgets,West Bay
16224,Other,18-24,610,ALL,Not Expats,1.0,NOTSELECTED,No Degree,1489064001,mobile phones gadgets,West Bay
16225,Other,25-44,730,ALL,Not Expats,1.0,NOTSELECTED,No Degree,1489064001,mobile phones gadgets,West Bay
16226,Other,45+,60,ALL,Not Expats,1.0,NOTSELECTED,No Degree,1489064001,mobile phones gadgets,West Bay
16227,Other,18-24,0,ALL,Not Expats,2.0,NOTSELECTED,No Degree,1489064001,mobile phones gadgets,West Bay
16228,Other,25-44,240,ALL,Not Expats,2.0,NOTSELECTED,No Degree,1489064001,mobile phones gadgets,West Bay
16229,Other,45+,0,ALL,Not Expats,2.0,NOTSELECTED,No Degree,1489064001,mobile phones gadgets,West Bay
16230,Other,18-24,60,ALL,Not Expats,1.0,NOTSELECTED,High School,1489064001,mobile phones gadgets,West Bay
16231,Other,25-44,0,ALL,Not Expats,1.0,NOTSELECTED,High School,1489064001,mobile phones gadgets,West Bay
16232,Other,45+,0,ALL,Not Expats,1.0,NOTSELECTED,High School,1489064001,mobile phones gadgets,West Bay
16233,Other,18-24,0,ALL,Not Expats,2.0,NOTSELECTED,High School,1489064001,mobile phones gadgets,West Bay
16234,Other,25-44,60,ALL,Not Expats,2.0,NOTSELECTED,High School,1489064001,mobile phones gadgets,West Bay
16235,Other,45+,0,ALL,Not Expats,2.0,NOTSELECTED,High School,1489064001,mobile phones gadgets,West Bay
16236,Other,18-24,0,ALL,Others,1.0,NOTSELECTED,Graduated,1489064001,mobile phones gadgets,West Bay
16237,Other,25-44,120,ALL,Others,1.0,NOTSELECTED,Graduated,1489064001,mobile phones gadgets,West Bay
16238,Other,45+,0,ALL,Others,1.0,NOTSELECTED,Graduated,1489064001,mobile phones gadgets,West Bay
16239,Other,18-24,0,ALL,Others,2.0,NOTSELECTED,Graduated,1489064001,mobile phones gadgets,West Bay
16240,Other,25-44,60,ALL,Others,2.0,NOTSELECTED,Graduated,1489064001,mobile phones gadgets,West Bay
16241,Other,45+,0,ALL,Others,2.0,NOTSELECTED,Graduated,1489064001,mobile phones gadgets,West Bay
16242,Other,18-24,0,ALL,Others,1.0,NOTSELECTED,No Degree,1489064001,mobile phones gadgets,West Bay
16243,Other,25-44,130,ALL,Others,1.0,NOTSELECTED,No Degree,1489064001,mobile phones gadgets,West Bay
16244,Other,45+,60,ALL,Others,1.0,NOTSELECTED,No Degree,1489064001,mobile phones gadgets,West Bay
16245,Other,18-24,0,ALL,Others,2.0,NOTSELECTED,No Degree,1489064001,mobile phones gadgets,West Bay
16246,Other,25-44,0,ALL,Others,2.0,NOTSELECTED,No Degree,1489064001,mobile phones gadgets,West Bay
16247,Other,45+,0,ALL,Others,2.0,NOTSELECTED,No Degree,1489064001,mobile phones gadgets,West Bay
16248,Other,18-24,0,ALL,Others,1.0,NOTSELECTED,High School,1489064001,mobile phones gadgets,West Bay
16249,Other,25-44,0,ALL,Others,1.0,NOTSELECTED,High School,1489064001,mobile phones gadgets,West Bay
16250,Other,45+,0,ALL,Others,1.0,NOTSELECTED,High School,1489064001,mobile phones gadgets,West Bay
16251,Other,18-24,0,ALL,Others,2.0,NOTSELECTED,High School,1489064001,mobile phones gadgets,West Bay
16252,Other,25-44,0,ALL,Others,2.0,NOTSELECTED,High School,1489064001,mobile phones gadgets,West Bay
16253,Other,45+,0,ALL,Others,2.0,NOTSELECTED,High School,1489064001,mobile phones gadgets,West Bay
16254,Other,18-24,40,ALL,India,1.0,NOTSELECTED,Graduated,1489064001,mobile phones gadgets,Labor City
16255,Other,25-44,60,ALL,India,1.0,NOTSELECTED,Graduated,1489064001,mobile phones gadgets,Labor City
16256,Other,45+,0,ALL,India,1.0,NOTSELECTED,Graduated,1489064001,mobile phones gadgets,Labor City
16257,Other,18-24,0,ALL,India,2.0,NOTSELECTED,Graduated,1489064001,mobile phones gadgets,Labor City
16258,Other,25-44,0,ALL,India,2.0,NOTSELECTED,Graduated,1489064001,mobile phones gadgets,Labor City
16259,Other,45+,0,ALL,India,2.0,NOTSELECTED,Graduated,1489064001,mobile phones gadgets,Labor City
16260,Other,18-24,40,ALL,India,1.0,NOTSELECTED,No Degree,1489064001,mobile phones gadgets,Labor City
16261,Other,25-44,0,ALL,India,1.0,NOTSELECTED,No Degree,1489064001,mobile phones gadgets,Labor City
16262,Other,45+,0,ALL,India,1.0,NOTSELECTED,No Degree,1489064001,mobile phones gadgets,Labor City
16263,Other,18-24,0,ALL,India,2.0,NOTSELECTED,No Degree,1489064001,mobile phones gadgets,Labor City
16264,Other,25-44,0,ALL,India,2.0,NOTSELECTED,No Degree,1489064001,mobile phones gadgets,Labor City
16265,Other,45+,0,ALL,India,2.0,NOTSELECTED,No Degree,1489064001,mobile phones gadgets,Labor City
16266,Other,18-24,0,ALL,India,1.0,NOTSELECTED,High School,1489064001,mobile phones gadgets,Labor City
16267,Other,25-44,0,ALL,India,1.0,NOTSELECTED,High School,1489064001,mobile phones gadgets,Labor City
16268,Other,45+,0,ALL,India,1.0,NOTSELECTED,High School,1489064001,mobile phones gadgets,Labor City
16269,Other,18-24,0,ALL,India,2.0,NOTSELECTED,High School,1489064001,mobile phones gadgets,Labor City
16270,Other,25-44,0,ALL,India,2.0,NOTSELECTED,High School,1489064001,mobile phones gadgets,Labor City
16271,Other,45+,0,ALL,India,2.0,NOTSELECTED,High School,1489064001,mobile phones gadgets,Labor City
16272,Other,18-24,0,ALL,Bangladesh,1.0,NOTSELECTED,Graduated,1489064001,mobile phones gadgets,Labor City
16273,Other,25-44,0,ALL,Bangladesh,1.0,NOTSELECTED,Graduated,1489064001,mobile phones gadgets,Labor City
16274,Other,45+,0,ALL,Bangladesh,1.0,NOTSELECTED,Graduated,1489064001,mobile phones gadgets,Labor City
16275,Other,18-24,0,ALL,Bangladesh,2.0,NOTSELECTED,Graduated,1489064001,mobile phones gadgets,Labor City
16276,Other,25-44,0,ALL,Bangladesh,2.0,NOTSELECTED,Graduated,1489064001,mobile phones gadgets,Labor City
16277,Other,45+,0,ALL,Bangladesh,2.0,NOTSELECTED,Graduated,1489064001,mobile phones gadgets,Labor City
16278,Other,18-24,0,ALL,Bangladesh,1.0,NOTSELECTED,No Degree,1489064001,mobile phones gadgets,Labor City
16279,Other,25-44,60,ALL,Bangladesh,1.0,NOTSELECTED,No Degree,1489064001,mobile phones gadgets,Labor City
16280,Other,45+,0,ALL,Bangladesh,1.0,NOTSELECTED,No Degree,1489064001,mobile phones gadgets,Labor City
16281,Other,18-24,0,ALL,Bangladesh,2.0,NOTSELECTED,No Degree,1489064001,mobile phones gadgets,Labor City
16282,Other,25-44,0,ALL,Bangladesh,2.0,NOTSELECTED,No Degree,1489064001,mobile phones gadgets,Labor City
16283,Other,45+,0,ALL,Bangladesh,2.0,NOTSELECTED,No Degree,1489064001,mobile phones gadgets,Labor City
16284,Other,18-24,0,ALL,Bangladesh,1.0,NOTSELECTED,High School,1489064001,mobile phones gadgets,Labor City
16285,Other,25-44,0,ALL,Bangladesh,1.0,NOTSELECTED,High School,1489064001,mobile phones gadgets,Labor City
16286,Other,45+,0,ALL,Bangladesh,1.0,NOTSELECTED,High School,1489064001,mobile phones gadgets,Labor City
16287,Other,18-24,0,ALL,Bangladesh,2.0,NOTSELECTED,High School,1489064001,mobile phones gadgets,Labor City
16288,Other,25-44,0,ALL,Bangladesh,2.0,NOTSELECTED,High School,1489064001,mobile phones gadgets,Labor City
16289,Other,45+,0,ALL,Bangladesh,2.0,NOTSELECTED,High School,1489064001,mobile phones gadgets,Labor City
16290,Other,18-24,0,ALL,Nepal,1.0,NOTSELECTED,Graduated,1489064001,mobile phones gadgets,Labor City
16291,Other,25-44,80,ALL,Nepal,1.0,NOTSELECTED,Graduated,1489064001,mobile phones gadgets,Labor City
16292,Other,45+,0,ALL,Nepal,1.0,NOTSELECTED,Graduated,1489064001,mobile phones gadgets,Labor City
16293,Other,18-24,0,ALL,Nepal,2.0,NOTSELECTED,Graduated,1489064001,mobile phones gadgets,Labor City
16294,Other,25-44,0,ALL,Nepal,2.0,NOTSELECTED,Graduated,1489064001,mobile phones gadgets,Labor City
16295,Other,45+,0,ALL,Nepal,2.0,NOTSELECTED,Graduated,1489064001,mobile phones gadgets,Labor City
16296,Other,18-24,80,ALL,Nepal,1.0,NOTSELECTED,No Degree,1489064001,mobile phones gadgets,Labor City
16297,Other,25-44,40,ALL,Nepal,1.0,NOTSELECTED,No Degree,1489064001,mobile phones gadgets,Labor City
16298,Other,45+,0,ALL,Nepal,1.0,NOTSELECTED,No Degree,1489064001,mobile phones gadgets,Labor City
16299,Other,18-24,0,ALL,Nepal,2.0,NOTSELECTED,No Degree,1489064001,mobile phones gadgets,Labor City
16300,Other,25-44,0,ALL,Nepal,2.0,NOTSELECTED,No Degree,1489064001,mobile phones gadgets,Labor City
16301,Other,45+,0,ALL,Nepal,2.0,NOTSELECTED,No Degree,1489064001,mobile phones gadgets,Labor City
16302,Other,18-24,0,ALL,Nepal,1.0,NOTSELECTED,High School,1489064001,mobile phones gadgets,Labor City
16303,Other,25-44,40,ALL,Nepal,1.0,NOTSELECTED,High School,1489064001,mobile phones gadgets,Labor City
16304,Other,45+,0,ALL,Nepal,1.0,NOTSELECTED,High School,1489064001,mobile phones gadgets,Labor City
16305,Other,18-24,0,ALL,Nepal,2.0,NOTSELECTED,High School,1489064001,mobile phones gadgets,Labor City
16306,Other,25-44,0,ALL,Nepal,2.0,NOTSELECTED,High School,1489064001,mobile phones gadgets,Labor City
16307,Other,45+,0,ALL,Nepal,2.0,NOTSELECTED,High School,1489064001,mobile phones gadgets,Labor City
16308,Other,18-24,0,ALL,Philippines,1.0,NOTSELECTED,Graduated,1489064001,mobile phones gadgets,Labor City
16309,Other,25-44,60,ALL,Philippines,1.0,NOTSELECTED,Graduated,1489064001,mobile phones gadgets,Labor City
16310,Other,45+,0,ALL,Philippines,1.0,NOTSELECTED,Graduated,1489064001,mobile phones gadgets,Labor City
16311,Other,18-24,0,ALL,Philippines,2.0,NOTSELECTED,Graduated,1489064001,mobile phones gadgets,Labor City
16312,Other,25-44,0,ALL,Philippines,2.0,NOTSELECTED,Graduated,1489064001,mobile phones gadgets,Labor City
16313,Other,45+,0,ALL,Philippines,2.0,NOTSELECTED,Graduated,1489064001,mobile phones gadgets,Labor City
16314,Other,18-24,0,ALL,Philippines,1.0,NOTSELECTED,No Degree,1489064001,mobile phones gadgets,Labor City
16315,Other,25-44,0,ALL,Philippines,1.0,NOTSELECTED,No Degree,1489064001,mobile phones gadgets,Labor City
16316,Other,45+,60,ALL,Philippines,1.0,NOTSELECTED,No Degree,1489064001,mobile phones gadgets,Labor City
16317,Other,18-24,0,ALL,Philippines,2.0,NOTSELECTED,No Degree,1489064001,mobile phones gadgets,Labor City
16318,Other,25-44,0,ALL,Philippines,2.0,NOTSELECTED,No Degree,1489064001,mobile phones gadgets,Labor City
16319,Other,45+,0,ALL,Philippines,2.0,NOTSELECTED,No Degree,1489064001,mobile phones gadgets,Labor City
16320,Other,18-24,0,ALL,Philippines,1.0,NOTSELECTED,High School,1489064001,mobile phones gadgets,Labor City
16321,Other,25-44,0,ALL,Philippines,1.0,NOTSELECTED,High School,1489064001,mobile phones gadgets,Labor City
16322,Other,45+,0,ALL,Philippines,1.0,NOTSELECTED,High School,1489064001,mobile phones gadgets,Labor City
16323,Other,18-24,0,ALL,Philippines,2.0,NOTSELECTED,High School,1489064001,mobile phones gadgets,Labor City
16324,Other,25-44,0,ALL,Philippines,2.0,NOTSELECTED,High School,1489064001,mobile phones gadgets,Labor City
16325,Other,45+,0,ALL,Philippines,2.0,NOTSELECTED,High School,1489064001,mobile phones gadgets,Labor City
16326,Other,18-24,0,ALL,Western-US-CA-EU-AU-NZ,1.0,NOTSELECTED,Graduated,1489064001,mobile phones gadgets,Labor City
16327,Other,25-44,0,ALL,Western-US-CA-EU-AU-NZ,1.0,NOTSELECTED,Graduated,1489064001,mobile phones gadgets,Labor City
16328,Other,45+,0,ALL,Western-US-CA-EU-AU-NZ,1.0,NOTSELECTED,Graduated,1489064001,mobile phones gadgets,Labor City
16329,Other,18-24,0,ALL,Western-US-CA-EU-AU-NZ,2.0,NOTSELECTED,Graduated,1489064001,mobile phones gadgets,Labor City
16330,Other,25-44,0,ALL,Western-US-CA-EU-AU-NZ,2.0,NOTSELECTED,Graduated,1489064001,mobile phones gadgets,Labor City
16331,Other,45+,0,ALL,Western-US-CA-EU-AU-NZ,2.0,NOTSELECTED,Graduated,1489064001,mobile phones gadgets,Labor City
16332,Other,18-24,0,ALL,Western-US-CA-EU-AU-NZ,1.0,NOTSELECTED,No Degree,1489064001,mobile phones gadgets,Labor City
16333,Other,25-44,0,ALL,Western-US-CA-EU-AU-NZ,1.0,NOTSELECTED,No Degree,1489064001,mobile phones gadgets,Labor City
16334,Other,45+,0,ALL,Western-US-CA-EU-AU-NZ,1.0,NOTSELECTED,No Degree,1489064001,mobile phones gadgets,Labor City
16335,Other,18-24,0,ALL,Western-US-CA-EU-AU-NZ,2.0,NOTSELECTED,No Degree,1489064001,mobile phones gadgets,Labor City
16336,Other,25-44,0,ALL,Western-US-CA-EU-AU-NZ,2.0,NOTSELECTED,No Degree,1489064001,mobile phones gadgets,Labor City
16337,Other,45+,0,ALL,Western-US-CA-EU-AU-NZ,2.0,NOTSELECTED,No Degree,1489064001,mobile phones gadgets,Labor City
16338,Other,18-24,0,ALL,Western-US-CA-EU-AU-NZ,1.0,NOTSELECTED,High School,1489064001,mobile phones gadgets,Labor City
16339,Other,25-44,0,ALL,Western-US-CA-EU-AU-NZ,1.0,NOTSELECTED,High School,1489064001,mobile phones gadgets,Labor City
16340,Other,45+,0,ALL,Western-US-CA-EU-AU-NZ,1.0,NOTSELECTED,High School,1489064001,mobile phones gadgets,Labor City
16341,Other,18-24,0,ALL,Western-US-CA-EU-AU-NZ,2.0,NOTSELECTED,High School,1489064001,mobile phones gadgets,Labor City
16342,Other,25-44,0,ALL,Western-US-CA-EU-AU-NZ,2.0,NOTSELECTED,High School,1489064001,mobile phones gadgets,Labor City
16343,Other,45+,0,ALL,Western-US-CA-EU-AU-NZ,2.0,NOTSELECTED,High School,1489064001,mobile phones gadgets,Labor City
16344,Other,18-24,100,ALL,Not Expats,1.0,NOTSELECTED,Graduated,1489064001,mobile phones gadgets,Labor City
16345,Other,25-44,150,ALL,Not Expats,1.0,NOTSELECTED,Graduated,1489064001,mobile phones gadgets,Labor City
16346,Other,45+,0,ALL,Not Expats,1.0,NOTSELECTED,Graduated,1489064001,mobile phones gadgets,Labor City
16347,Other,18-24,0,ALL,Not Expats,2.0,NOTSELECTED,Graduated,1489064001,mobile phones gadgets,Labor City
16348,Other,25-44,0,ALL,Not Expats,2.0,NOTSELECTED,Graduated,1489064001,mobile phones gadgets,Labor City
16349,Other,45+,0,ALL,Not Expats,2.0,NOTSELECTED,Graduated,1489064001,mobile phones gadgets,Labor City
16350,Other,18-24,880,ALL,Not Expats,1.0,NOTSELECTED,No Degree,1489064001,mobile phones gadgets,Labor City
16351,Other,25-44,1200,ALL,Not Expats,1.0,NOTSELECTED,No Degree,1489064001,mobile phones gadgets,Labor City
16352,Other,45+,120,ALL,Not Expats,1.0,NOTSELECTED,No Degree,1489064001,mobile phones gadgets,Labor City
16353,Other,18-24,80,ALL,Not Expats,2.0,NOTSELECTED,No Degree,1489064001,mobile phones gadgets,Labor City
16354,Other,25-44,80,ALL,Not Expats,2.0,NOTSELECTED,No Degree,1489064001,mobile phones gadgets,Labor City
16355,Other,45+,0,ALL,Not Expats,2.0,NOTSELECTED,No Degree,1489064001,mobile phones gadgets,Labor City
16356,Other,18-24,100,ALL,Not Expats,1.0,NOTSELECTED,High School,1489064001,mobile phones gadgets,Labor City
16357,Other,25-44,0,ALL,Not Expats,1.0,NOTSELECTED,High School,1489064001,mobile phones gadgets,Labor City
16358,Other,45+,0,ALL,Not Expats,1.0,NOTSELECTED,High School,1489064001,mobile phones gadgets,Labor City
16359,Other,18-24,0,ALL,Not Expats,2.0,NOTSELECTED,High School,1489064001,mobile phones gadgets,Labor City
16360,Other,25-44,0,ALL,Not Expats,2.0,NOTSELECTED,High School,1489064001,mobile phones gadgets,Labor City
16361,Other,45+,0,ALL,Not Expats,2.0,NOTSELECTED,High School,1489064001,mobile phones gadgets,Labor City
16362,Other,18-24,0,ALL,Others,1.0,NOTSELECTED,Graduated,1489064001,mobile phones gadgets,Labor City
16363,Other,25-44,80,ALL,Others,1.0,NOTSELECTED,Graduated,1489064001,mobile phones gadgets,Labor City
16364,Other,45+,0,ALL,Others,1.0,NOTSELECTED,Graduated,1489064001,mobile phones gadgets,Labor City
16365,Other,18-24,0,ALL,Others,2.0,NOTSELECTED,Graduated,1489064001,mobile phones gadgets,Labor City
16366,Other,25-44,0,ALL,Others,2.0,NOTSELECTED,Graduated,1489064001,mobile phones gadgets,Labor City
16367,Other,45+,0,ALL,Others,2.0,NOTSELECTED,Graduated,1489064001,mobile phones gadgets,Labor City
16368,Other,18-24,40,ALL,Others,1.0,NOTSELECTED,No Degree,1489064001,mobile phones gadgets,Labor City
16369,Other,25-44,40,ALL,Others,1.0,NOTSELECTED,No Degree,1489064001,mobile phones gadgets,Labor City
16370,Other,45+,40,ALL,Others,1.0,NOTSELECTED,No Degree,1489064001,mobile phones gadgets,Labor City
16371,Other,18-24,0,ALL,Others,2.0,NOTSELECTED,No Degree,1489064001,mobile phones gadgets,Labor City
16372,Other,25-44,0,ALL,Others,2.0,NOTSELECTED,No Degree,1489064001,mobile phones gadgets,Labor City
16373,Other,45+,0,ALL,Others,2.0,NOTSELECTED,No Degree,1489064001,mobile phones gadgets,Labor City
16374,Other,18-24,0,ALL,Others,1.0,NOTSELECTED,High School,1489064001,mobile phones gadgets,Labor City
16375,Other,25-44,0,ALL,Others,1.0,NOTSELECTED,High School,1489064001,mobile phones gadgets,Labor City
16376,Other,45+,0,ALL,Others,1.0,NOTSELECTED,High School,1489064001,mobile phones gadgets,Labor City
16377,Other,18-24,0,ALL,Others,2.0,NOTSELECTED,High School,1489064001,mobile phones gadgets,Labor City
16378,Other,25-44,0,ALL,Others,2.0,NOTSELECTED,High School,1489064001,mobile phones gadgets,Labor City
16379,Other,45+,0,ALL,Others,2.0,NOTSELECTED,High School,1489064001,mobile phones gadgets,Labor City
16380,Other,18-24,0,ALL,India,1.0,NOTSELECTED,Graduated,1489064001,mobile phones gadgets,Educational City
16381,Other,25-44,90,ALL,India,1.0,NOTSELECTED,Graduated,1489064001,mobile phones gadgets,Educational City
16382,Other,45+,0,ALL,India,1.0,NOTSELECTED,Graduated,1489064001,mobile phones gadgets,Educational City
16383,Other,18-24,0,ALL,India,2.0,NOTSELECTED,Graduated,1489064001,mobile phones gadgets,Educational City
16384,Other,25-44,0,ALL,India,2.0,NOTSELECTED,Graduated,1489064001,mobile phones gadgets,Educational City
16385,Other,45+,0,ALL,India,2.0,NOTSELECTED,Graduated,1489064001,mobile phones gadgets,Educational City
16386,Other,18-24,90,ALL,India,1.0,NOTSELECTED,No Degree,1489064001,mobile phones gadgets,Educational City
16387,Other,25-44,0,ALL,India,1.0,NOTSELECTED,No Degree,1489064001,mobile phones gadgets,Educational City
16388,Other,45+,30,ALL,India,1.0,NOTSELECTED,No Degree,1489064001,mobile phones gadgets,Educational City
16389,Other,18-24,0,ALL,India,2.0,NOTSELECTED,No Degree,1489064001,mobile phones gadgets,Educational City
16390,Other,25-44,0,ALL,India,2.0,NOTSELECTED,No Degree,1489064001,mobile phones gadgets,Educational City
16391,Other,45+,0,ALL,India,2.0,NOTSELECTED,No Degree,1489064001,mobile phones gadgets,Educational City
16392,Other,18-24,0,ALL,India,1.0,NOTSELECTED,High School,1489064001,mobile phones gadgets,Educational City
16393,Other,25-44,0,ALL,India,1.0,NOTSELECTED,High School,1489064001,mobile phones gadgets,Educational City
16394,Other,45+,0,ALL,India,1.0,NOTSELECTED,High School,1489064001,mobile phones gadgets,Educational City
16395,Other,18-24,0,ALL,India,2.0,NOTSELECTED,High School,1489064001,mobile phones gadgets,Educational City
16396,Other,25-44,0,ALL,India,2.0,NOTSELECTED,High School,1489064001,mobile phones gadgets,Educational City
16397,Other,45+,0,ALL,India,2.0,NOTSELECTED,High School,1489064001,mobile phones gadgets,Educational City
16398,Other,18-24,30,ALL,Bangladesh,1.0,NOTSELECTED,Graduated,1489064001,mobile phones gadgets,Educational City
16399,Other,25-44,0,ALL,Bangladesh,1.0,NOTSELECTED,Graduated,1489064001,mobile phones gadgets,Educational City
16400,Other,45+,0,ALL,Bangladesh,1.0,NOTSELECTED,Graduated,1489064001,mobile phones gadgets,Educational City
16401,Other,18-24,0,ALL,Bangladesh,2.0,NOTSELECTED,Graduated,1489064001,mobile phones gadgets,Educational City
16402,Other,25-44,0,ALL,Bangladesh,2.0,NOTSELECTED,Graduated,1489064001,mobile phones gadgets,Educational City
16403,Other,45+,0,ALL,Bangladesh,2.0,NOTSELECTED,Graduated,1489064001,mobile phones gadgets,Educational City
16404,Other,18-24,0,ALL,Bangladesh,1.0,NOTSELECTED,No Degree,1489064001,mobile phones gadgets,Educational City
16405,Other,25-44,30,ALL,Bangladesh,1.0,NOTSELECTED,No Degree,1489064001,mobile phones gadgets,Educational City
16406,Other,45+,0,ALL,Bangladesh,1.0,NOTSELECTED,No Degree,1489064001,mobile phones gadgets,Educational City
16407,Other,18-24,0,ALL,Bangladesh,2.0,NOTSELECTED,No Degree,1489064001,mobile phones gadgets,Educational City
16408,Other,25-44,0,ALL,Bangladesh,2.0,NOTSELECTED,No Degree,1489064001,mobile phones gadgets,Educational City
16409,Other,45+,0,ALL,Bangladesh,2.0,NOTSELECTED,No Degree,1489064001,mobile phones gadgets,Educational City
16410,Other,18-24,30,ALL,Bangladesh,1.0,NOTSELECTED,High School,1489064001,mobile phones gadgets,Educational City
16411,Other,25-44,0,ALL,Bangladesh,1.0,NOTSELECTED,High School,1489064001,mobile phones gadgets,Educational City
16412,Other,45+,0,ALL,Bangladesh,1.0,NOTSELECTED,High School,1489064001,mobile phones gadgets,Educational City
16413,Other,18-24,0,ALL,Bangladesh,2.0,NOTSELECTED,High School,1489064001,mobile phones gadgets,Educational City
16414,Other,25-44,0,ALL,Bangladesh,2.0,NOTSELECTED,High School,1489064001,mobile phones gadgets,Educational City
16415,Other,45+,0,ALL,Bangladesh,2.0,NOTSELECTED,High School,1489064001,mobile phones gadgets,Educational City
16416,Other,18-24,30,ALL,Nepal,1.0,NOTSELECTED,Graduated,1489064001,mobile phones gadgets,Educational City
16417,Other,25-44,0,ALL,Nepal,1.0,NOTSELECTED,Graduated,1489064001,mobile phones gadgets,Educational City
16418,Other,45+,0,ALL,Nepal,1.0,NOTSELECTED,Graduated,1489064001,mobile phones gadgets,Educational City
16419,Other,18-24,0,ALL,Nepal,2.0,NOTSELECTED,Graduated,1489064001,mobile phones gadgets,Educational City
16420,Other,25-44,0,ALL,Nepal,2.0,NOTSELECTED,Graduated,1489064001,mobile phones gadgets,Educational City
16421,Other,45+,0,ALL,Nepal,2.0,NOTSELECTED,Graduated,1489064001,mobile phones gadgets,Educational City
16422,Other,18-24,0,ALL,Nepal,1.0,NOTSELECTED,No Degree,1489064001,mobile phones gadgets,Educational City
16423,Other,25-44,30,ALL,Nepal,1.0,NOTSELECTED,No Degree,1489064001,mobile phones gadgets,Educational City
16424,Other,45+,30,ALL,Nepal,1.0,NOTSELECTED,No Degree,1489064001,mobile phones gadgets,Educational City
16425,Other,18-24,30,ALL,Nepal,2.0,NOTSELECTED,No Degree,1489064001,mobile phones gadgets,Educational City
16426,Other,25-44,0,ALL,Nepal,2.0,NOTSELECTED,No Degree,1489064001,mobile phones gadgets,Educational City
16427,Other,45+,0,ALL,Nepal,2.0,NOTSELECTED,No Degree,1489064001,mobile phones gadgets,Educational City
16428,Other,18-24,0,ALL,Nepal,1.0,NOTSELECTED,High School,1489064001,mobile phones gadgets,Educational City
16429,Other,25-44,0,ALL,Nepal,1.0,NOTSELECTED,High School,1489064001,mobile phones gadgets,Educational City
16430,Other,45+,0,ALL,Nepal,1.0,NOTSELECTED,High School,1489064001,mobile phones gadgets,Educational City
16431,Other,18-24,0,ALL,Nepal,2.0,NOTSELECTED,High School,1489064001,mobile phones gadgets,Educational City
16432,Other,25-44,0,ALL,Nepal,2.0,NOTSELECTED,High School,1489064001,mobile phones gadgets,Educational City
16433,Other,45+,0,ALL,Nepal,2.0,NOTSELECTED,High School,1489064001,mobile phones gadgets,Educational City
16434,Other,18-24,0,ALL,Philippines,1.0,NOTSELECTED,Graduated,1489064001,mobile phones gadgets,Educational City
16435,Other,25-44,30,ALL,Philippines,1.0,NOTSELECTED,Graduated,1489064001,mobile phones gadgets,Educational City
16436,Other,45+,30,ALL,Philippines,1.0,NOTSELECTED,Graduated,1489064001,mobile phones gadgets,Educational City
16437,Other,18-24,0,ALL,Philippines,2.0,NOTSELECTED,Graduated,1489064001,mobile phones gadgets,Educational City
16438,Other,25-44,30,ALL,Philippines,2.0,NOTSELECTED,Graduated,1489064001,mobile phones gadgets,Educational City
16439,Other,45+,0,ALL,Philippines,2.0,NOTSELECTED,Graduated,1489064001,mobile phones gadgets,Educational City
16440,Other,18-24,0,ALL,Philippines,1.0,NOTSELECTED,No Degree,1489064001,mobile phones gadgets,Educational City
16441,Other,25-44,30,ALL,Philippines,1.0,NOTSELECTED,No Degree,1489064001,mobile phones gadgets,Educational City
16442,Other,45+,0,ALL,Philippines,1.0,NOTSELECTED,No Degree,1489064001,mobile phones gadgets,Educational City
16443,Other,18-24,30,ALL,Philippines,2.0,NOTSELECTED,No Degree,1489064001,mobile phones gadgets,Educational City
16444,Other,25-44,30,ALL,Philippines,2.0,NOTSELECTED,No Degree,1489064001,mobile phones gadgets,Educational City
16445,Other,45+,0,ALL,Philippines,2.0,NOTSELECTED,No Degree,1489064001,mobile phones gadgets,Educational City
16446,Other,18-24,0,ALL,Philippines,1.0,NOTSELECTED,High School,1489064001,mobile phones gadgets,Educational City
16447,Other,25-44,30,ALL,Philippines,1.0,NOTSELECTED,High School,1489064001,mobile phones gadgets,Educational City
16448,Other,45+,0,ALL,Philippines,1.0,NOTSELECTED,High School,1489064001,mobile phones gadgets,Educational City
16449,Other,18-24,0,ALL,Philippines,2.0,NOTSELECTED,High School,1489064001,mobile phones gadgets,Educational City
16450,Other,25-44,0,ALL,Philippines,2.0,NOTSELECTED,High School,1489064001,mobile phones gadgets,Educational City
16451,Other,45+,0,ALL,Philippines,2.0,NOTSELECTED,High School,1489064001,mobile phones gadgets,Educational City
16452,Other,18-24,30,ALL,Western-US-CA-EU-AU-NZ,1.0,NOTSELECTED,Graduated,1489064001,mobile phones gadgets,Educational City
16453,Other,25-44,30,ALL,Western-US-CA-EU-AU-NZ,1.0,NOTSELECTED,Graduated,1489064001,mobile phones gadgets,Educational City
16454,Other,45+,0,ALL,Western-US-CA-EU-AU-NZ,1.0,NOTSELECTED,Graduated,1489064001,mobile phones gadgets,Educational City
16455,Other,18-24,0,ALL,Western-US-CA-EU-AU-NZ,2.0,NOTSELECTED,Graduated,1489064001,mobile phones gadgets,Educational City
16456,Other,25-44,0,ALL,Western-US-CA-EU-AU-NZ,2.0,NOTSELECTED,Graduated,1489064001,mobile phones gadgets,Educational City
16457,Other,45+,0,ALL,Western-US-CA-EU-AU-NZ,2.0,NOTSELECTED,Graduated,1489064001,mobile phones gadgets,Educational City
16458,Other,18-24,0,ALL,Western-US-CA-EU-AU-NZ,1.0,NOTSELECTED,No Degree,1489064001,mobile phones gadgets,Educational City
16459,Other,25-44,30,ALL,Western-US-CA-EU-AU-NZ,1.0,NOTSELECTED,No Degree,1489064001,mobile phones gadgets,Educational City
16460,Other,45+,0,ALL,Western-US-CA-EU-AU-NZ,1.0,NOTSELECTED,No Degree,1489064001,mobile phones gadgets,Educational City
16461,Other,18-24,0,ALL,Western-US-CA-EU-AU-NZ,2.0,NOTSELECTED,No Degree,1489064001,mobile phones gadgets,Educational City
16462,Other,25-44,0,ALL,Western-US-CA-EU-AU-NZ,2.0,NOTSELECTED,No Degree,1489064001,mobile phones gadgets,Educational City
16463,Other,45+,0,ALL,Western-US-CA-EU-AU-NZ,2.0,NOTSELECTED,No Degree,1489064001,mobile phones gadgets,Educational City
16464,Other,18-24,30,ALL,Western-US-CA-EU-AU-NZ,1.0,NOTSELECTED,High School,1489064001,mobile phones gadgets,Educational City
16465,Other,25-44,0,ALL,Western-US-CA-EU-AU-NZ,1.0,NOTSELECTED,High School,1489064001,mobile phones gadgets,Educational City
16466,Other,45+,0,ALL,Western-US-CA-EU-AU-NZ,1.0,NOTSELECTED,High School,1489064001,mobile phones gadgets,Educational City
16467,Other,18-24,0,ALL,Western-US-CA-EU-AU-NZ,2.0,NOTSELECTED,High School,1489064001,mobile phones gadgets,Educational City
16468,Other,25-44,0,ALL,Western-US-CA-EU-AU-NZ,2.0,NOTSELECTED,High School,1489064001,mobile phones gadgets,Educational City
16469,Other,45+,0,ALL,Western-US-CA-EU-AU-NZ,2.0,NOTSELECTED,High School,1489064001,mobile phones gadgets,Educational City
16470,Other,18-24,60,ALL,Not Expats,1.0,NOTSELECTED,Graduated,1489064001,mobile phones gadgets,Educational City
16471,Other,25-44,120,ALL,Not Expats,1.0,NOTSELECTED,Graduated,1489064001,mobile phones gadgets,Educational City
16472,Other,45+,0,ALL,Not Expats,1.0,NOTSELECTED,Graduated,1489064001,mobile phones gadgets,Educational City
16473,Other,18-24,0,ALL,Not Expats,2.0,NOTSELECTED,Graduated,1489064001,mobile phones gadgets,Educational City
16474,Other,25-44,30,ALL,Not Expats,2.0,NOTSELECTED,Graduated,1489064001,mobile phones gadgets,Educational City
16475,Other,45+,0,ALL,Not Expats,2.0,NOTSELECTED,Graduated,1489064001,mobile phones gadgets,Educational City
16476,Other,18-24,310,ALL,Not Expats,1.0,NOTSELECTED,No Degree,1489064001,mobile phones gadgets,Educational City
16477,Other,25-44,590,ALL,Not Expats,1.0,NOTSELECTED,No Degree,1489064001,mobile phones gadgets,Educational City
16478,Other,45+,120,ALL,Not Expats,1.0,NOTSELECTED,No Degree,1489064001,mobile phones gadgets,Educational City
16479,Other,18-24,60,ALL,Not Expats,2.0,NOTSELECTED,No Degree,1489064001,mobile phones gadgets,Educational City
16480,Other,25-44,340,ALL,Not Expats,2.0,NOTSELECTED,No Degree,1489064001,mobile phones gadgets,Educational City
16481,Other,45+,90,ALL,Not Expats,2.0,NOTSELECTED,No Degree,1489064001,mobile phones gadgets,Educational City
16482,Other,18-24,30,ALL,Not Expats,1.0,NOTSELECTED,High School,1489064001,mobile phones gadgets,Educational City
16483,Other,25-44,30,ALL,Not Expats,1.0,NOTSELECTED,High School,1489064001,mobile phones gadgets,Educational City
16484,Other,45+,0,ALL,Not Expats,1.0,NOTSELECTED,High School,1489064001,mobile phones gadgets,Educational City
16485,Other,18-24,30,ALL,Not Expats,2.0,NOTSELECTED,High School,1489064001,mobile phones gadgets,Educational City
16486,Other,25-44,30,ALL,Not Expats,2.0,NOTSELECTED,High School,1489064001,mobile phones gadgets,Educational City
16487,Other,45+,0,ALL,Not Expats,2.0,NOTSELECTED,High School,1489064001,mobile phones gadgets,Educational City
16488,Other,18-24,0,ALL,Others,1.0,NOTSELECTED,Graduated,1489064001,mobile phones gadgets,Educational City
16489,Other,25-44,30,ALL,Others,1.0,NOTSELECTED,Graduated,1489064001,mobile phones gadgets,Educational City
16490,Other,45+,0,ALL,Others,1.0,NOTSELECTED,Graduated,1489064001,mobile phones gadgets,Educational City
16491,Other,18-24,0,ALL,Others,2.0,NOTSELECTED,Graduated,1489064001,mobile phones gadgets,Educational City
16492,Other,25-44,30,ALL,Others,2.0,NOTSELECTED,Graduated,1489064001,mobile phones gadgets,Educational City
16493,Other,45+,0,ALL,Others,2.0,NOTSELECTED,Graduated,1489064001,mobile phones gadgets,Educational City
16494,Other,18-24,0,ALL,Others,1.0,NOTSELECTED,No Degree,1489064001,mobile phones gadgets,Educational City
16495,Other,25-44,60,ALL,Others,1.0,NOTSELECTED,No Degree,1489064001,mobile phones gadgets,Educational City
16496,Other,45+,30,ALL,Others,1.0,NOTSELECTED,No Degree,1489064001,mobile phones gadgets,Educational City
16497,Other,18-24,0,ALL,Others,2.0,NOTSELECTED,No Degree,1489064001,mobile phones gadgets,Educational City
16498,Other,25-44,0,ALL,Others,2.0,NOTSELECTED,No Degree,1489064001,mobile phones gadgets,Educational City
16499,Other,45+,0,ALL,Others,2.0,NOTSELECTED,No Degree,1489064001,mobile phones gadgets,Educational City
16500,Other,18-24,0,ALL,Others,1.0,NOTSELECTED,High School,1489064001,mobile phones gadgets,Educational City
16501,Other,25-44,0,ALL,Others,1.0,NOTSELECTED,High School,1489064001,mobile phones gadgets,Educational City
16502,Other,45+,0,ALL,Others,1.0,NOTSELECTED,High School,1489064001,mobile phones gadgets,Educational City
16503,Other,18-24,0,ALL,Others,2.0,NOTSELECTED,High School,1489064001,mobile phones gadgets,Educational City
16504,Other,25-44,0,ALL,Others,2.0,NOTSELECTED,High School,1489064001,mobile phones gadgets,Educational City
16505,Other,45+,0,ALL,Others,2.0,NOTSELECTED,High School,1489064001,mobile phones gadgets,Educational City
16506,Other,18-24,0,ALL,India,1.0,NOTSELECTED,Graduated,1489064001,mobile phones gadgets,Perl
16507,Other,25-44,0,ALL,India,1.0,NOTSELECTED,Graduated,1489064001,mobile phones gadgets,Perl
16508,Other,45+,0,ALL,India,1.0,NOTSELECTED,Graduated,1489064001,mobile phones gadgets,Perl
16509,Other,18-24,0,ALL,India,2.0,NOTSELECTED,Graduated,1489064001,mobile phones gadgets,Perl
16510,Other,25-44,0,ALL,India,2.0,NOTSELECTED,Graduated,1489064001,mobile phones gadgets,Perl
16511,Other,45+,0,ALL,India,2.0,NOTSELECTED,Graduated,1489064001,mobile phones gadgets,Perl
16512,Other,18-24,0,ALL,India,1.0,NOTSELECTED,No Degree,1489064001,mobile phones gadgets,Perl
16513,Other,25-44,0,ALL,India,1.0,NOTSELECTED,No Degree,1489064001,mobile phones gadgets,Perl
16514,Other,45+,0,ALL,India,1.0,NOTSELECTED,No Degree,1489064001,mobile phones gadgets,Perl
16515,Other,18-24,0,ALL,India,2.0,NOTSELECTED,No Degree,1489064001,mobile phones gadgets,Perl
16516,Other,25-44,0,ALL,India,2.0,NOTSELECTED,No Degree,1489064001,mobile phones gadgets,Perl
16517,Other,45+,0,ALL,India,2.0,NOTSELECTED,No Degree,1489064001,mobile phones gadgets,Perl
16518,Other,18-24,0,ALL,India,1.0,NOTSELECTED,High School,1489064001,mobile phones gadgets,Perl
16519,Other,25-44,0,ALL,India,1.0,NOTSELECTED,High School,1489064001,mobile phones gadgets,Perl
16520,Other,45+,0,ALL,India,1.0,NOTSELECTED,High School,1489064001,mobile phones gadgets,Perl
16521,Other,18-24,0,ALL,India,2.0,NOTSELECTED,High School,1489064001,mobile phones gadgets,Perl
16522,Other,25-44,0,ALL,India,2.0,NOTSELECTED,High School,1489064001,mobile phones gadgets,Perl
16523,Other,45+,0,ALL,India,2.0,NOTSELECTED,High School,1489064001,mobile phones gadgets,Perl
16524,Other,18-24,0,ALL,Bangladesh,1.0,NOTSELECTED,Graduated,1489064001,mobile phones gadgets,Perl
16525,Other,25-44,0,ALL,Bangladesh,1.0,NOTSELECTED,Graduated,1489064001,mobile phones gadgets,Perl
16526,Other,45+,0,ALL,Bangladesh,1.0,NOTSELECTED,Graduated,1489064001,mobile phones gadgets,Perl
16527,Other,18-24,0,ALL,Bangladesh,2.0,NOTSELECTED,Graduated,1489064001,mobile phones gadgets,Perl
16528,Other,25-44,0,ALL,Bangladesh,2.0,NOTSELECTED,Graduated,1489064001,mobile phones gadgets,Perl
16529,Other,45+,0,ALL,Bangladesh,2.0,NOTSELECTED,Graduated,1489064001,mobile phones gadgets,Perl
16530,Other,18-24,0,ALL,Bangladesh,1.0,NOTSELECTED,No Degree,1489064001,mobile phones gadgets,Perl
16531,Other,25-44,0,ALL,Bangladesh,1.0,NOTSELECTED,No Degree,1489064001,mobile phones gadgets,Perl
16532,Other,45+,0,ALL,Bangladesh,1.0,NOTSELECTED,No Degree,1489064001,mobile phones gadgets,Perl
16533,Other,18-24,0,ALL,Bangladesh,2.0,NOTSELECTED,No Degree,1489064001,mobile phones gadgets,Perl
16534,Other,25-44,0,ALL,Bangladesh,2.0,NOTSELECTED,No Degree,1489064001,mobile phones gadgets,Perl
16535,Other,45+,0,ALL,Bangladesh,2.0,NOTSELECTED,No Degree,1489064001,mobile phones gadgets,Perl
16536,Other,18-24,0,ALL,Bangladesh,1.0,NOTSELECTED,High School,1489064001,mobile phones gadgets,Perl
16537,Other,25-44,0,ALL,Bangladesh,1.0,NOTSELECTED,High School,1489064001,mobile phones gadgets,Perl
16538,Other,45+,0,ALL,Bangladesh,1.0,NOTSELECTED,High School,1489064001,mobile phones gadgets,Perl
16539,Other,18-24,0,ALL,Bangladesh,2.0,NOTSELECTED,High School,1489064001,mobile phones gadgets,Perl
16540,Other,25-44,0,ALL,Bangladesh,2.0,NOTSELECTED,High School,1489064001,mobile phones gadgets,Perl
16541,Other,45+,0,ALL,Bangladesh,2.0,NOTSELECTED,High School,1489064001,mobile phones gadgets,Perl
16542,Other,18-24,0,ALL,Nepal,1.0,NOTSELECTED,Graduated,1489064001,mobile phones gadgets,Perl
16543,Other,25-44,0,ALL,Nepal,1.0,NOTSELECTED,Graduated,1489064001,mobile phones gadgets,Perl
16544,Other,45+,0,ALL,Nepal,1.0,NOTSELECTED,Graduated,1489064001,mobile phones gadgets,Perl
16545,Other,18-24,0,ALL,Nepal,2.0,NOTSELECTED,Graduated,1489064001,mobile phones gadgets,Perl
16546,Other,25-44,0,ALL,Nepal,2.0,NOTSELECTED,Graduated,1489064001,mobile phones gadgets,Perl
16547,Other,45+,0,ALL,Nepal,2.0,NOTSELECTED,Graduated,1489064001,mobile phones gadgets,Perl
16548,Other,18-24,40,ALL,Nepal,1.0,NOTSELECTED,No Degree,1489064001,mobile phones gadgets,Perl
16549,Other,25-44,0,ALL,Nepal,1.0,NOTSELECTED,No Degree,1489064001,mobile phones gadgets,Perl
16550,Other,45+,0,ALL,Nepal,1.0,NOTSELECTED,No Degree,1489064001,mobile phones gadgets,Perl
16551,Other,18-24,40,ALL,Nepal,2.0,NOTSELECTED,No Degree,1489064001,mobile phones gadgets,Perl
16552,Other,25-44,0,ALL,Nepal,2.0,NOTSELECTED,No Degree,1489064001,mobile phones gadgets,Perl
16553,Other,45+,0,ALL,Nepal,2.0,NOTSELECTED,No Degree,1489064001,mobile phones gadgets,Perl
16554,Other,18-24,0,ALL,Nepal,1.0,NOTSELECTED,High School,1489064001,mobile phones gadgets,Perl
16555,Other,25-44,0,ALL,Nepal,1.0,NOTSELECTED,High School,1489064001,mobile phones gadgets,Perl
16556,Other,45+,0,ALL,Nepal,1.0,NOTSELECTED,High School,1489064001,mobile phones gadgets,Perl
16557,Other,18-24,0,ALL,Nepal,2.0,NOTSELECTED,High School,1489064001,mobile phones gadgets,Perl
16558,Other,25-44,0,ALL,Nepal,2.0,NOTSELECTED,High School,1489064001,mobile phones gadgets,Perl
16559,Other,45+,0,ALL,Nepal,2.0,NOTSELECTED,High School,1489064001,mobile phones gadgets,Perl
16560,Other,18-24,0,ALL,Philippines,1.0,NOTSELECTED,Graduated,1489064001,mobile phones gadgets,Perl
16561,Other,25-44,0,ALL,Philippines,1.0,NOTSELECTED,Graduated,1489064001,mobile phones gadgets,Perl
16562,Other,45+,0,ALL,Philippines,1.0,NOTSELECTED,Graduated,1489064001,mobile phones gadgets,Perl
16563,Other,18-24,0,ALL,Philippines,2.0,NOTSELECTED,Graduated,1489064001,mobile phones gadgets,Perl
16564,Other,25-44,0,ALL,Philippines,2.0,NOTSELECTED,Graduated,1489064001,mobile phones gadgets,Perl
16565,Other,45+,0,ALL,Philippines,2.0,NOTSELECTED,Graduated,1489064001,mobile phones gadgets,Perl
16566,Other,18-24,40,ALL,Philippines,1.0,NOTSELECTED,No Degree,1489064001,mobile phones gadgets,Perl
16567,Other,25-44,0,ALL,Philippines,1.0,NOTSELECTED,No Degree,1489064001,mobile phones gadgets,Perl
16568,Other,45+,0,ALL,Philippines,1.0,NOTSELECTED,No Degree,1489064001,mobile phones gadgets,Perl
16569,Other,18-24,0,ALL,Philippines,2.0,NOTSELECTED,No Degree,1489064001,mobile phones gadgets,Perl
16570,Other,25-44,0,ALL,Philippines,2.0,NOTSELECTED,No Degree,1489064001,mobile phones gadgets,Perl
16571,Other,45+,0,ALL,Philippines,2.0,NOTSELECTED,No Degree,1489064001,mobile phones gadgets,Perl
16572,Other,18-24,40,ALL,Philippines,1.0,NOTSELECTED,High School,1489064001,mobile phones gadgets,Perl
16573,Other,25-44,40,ALL,Philippines,1.0,NOTSELECTED,High School,1489064001,mobile phones gadgets,Perl
16574,Other,45+,0,ALL,Philippines,1.0,NOTSELECTED,High School,1489064001,mobile phones gadgets,Perl
16575,Other,18-24,0,ALL,Philippines,2.0,NOTSELECTED,High School,1489064001,mobile phones gadgets,Perl
16576,Other,25-44,0,ALL,Philippines,2.0,NOTSELECTED,High School,1489064001,mobile phones gadgets,Perl
16577,Other,45+,40,ALL,Philippines,2.0,NOTSELECTED,High School,1489064001,mobile phones gadgets,Perl
16578,Other,18-24,0,ALL,Western-US-CA-EU-AU-NZ,1.0,NOTSELECTED,Graduated,1489064001,mobile phones gadgets,Perl
16579,Other,25-44,0,ALL,Western-US-CA-EU-AU-NZ,1.0,NOTSELECTED,Graduated,1489064001,mobile phones gadgets,Perl
16580,Other,45+,0,ALL,Western-US-CA-EU-AU-NZ,1.0,NOTSELECTED,Graduated,1489064001,mobile phones gadgets,Perl
16581,Other,18-24,0,ALL,Western-US-CA-EU-AU-NZ,2.0,NOTSELECTED,Graduated,1489064001,mobile phones gadgets,Perl
16582,Other,25-44,0,ALL,Western-US-CA-EU-AU-NZ,2.0,NOTSELECTED,Graduated,1489064001,mobile phones gadgets,Perl
16583,Other,45+,0,ALL,Western-US-CA-EU-AU-NZ,2.0,NOTSELECTED,Graduated,1489064001,mobile phones gadgets,Perl
16584,Other,18-24,0,ALL,Western-US-CA-EU-AU-NZ,1.0,NOTSELECTED,No Degree,1489064001,mobile phones gadgets,Perl
16585,Other,25-44,0,ALL,Western-US-CA-EU-AU-NZ,1.0,NOTSELECTED,No Degree,1489064001,mobile phones gadgets,Perl
16586,Other,45+,0,ALL,Western-US-CA-EU-AU-NZ,1.0,NOTSELECTED,No Degree,1489064001,mobile phones gadgets,Perl
16587,Other,18-24,0,ALL,Western-US-CA-EU-AU-NZ,2.0,NOTSELECTED,No Degree,1489064001,mobile phones gadgets,Perl
16588,Other,25-44,0,ALL,Western-US-CA-EU-AU-NZ,2.0,NOTSELECTED,No Degree,1489064001,mobile phones gadgets,Perl
16589,Other,45+,0,ALL,Western-US-CA-EU-AU-NZ,2.0,NOTSELECTED,No Degree,1489064001,mobile phones gadgets,Perl
16590,Other,18-24,0,ALL,Western-US-CA-EU-AU-NZ,1.0,NOTSELECTED,High School,1489064001,mobile phones gadgets,Perl
16591,Other,25-44,0,ALL,Western-US-CA-EU-AU-NZ,1.0,NOTSELECTED,High School,1489064001,mobile phones gadgets,Perl
16592,Other,45+,0,ALL,Western-US-CA-EU-AU-NZ,1.0,NOTSELECTED,High School,1489064001,mobile phones gadgets,Perl
16593,Other,18-24,0,ALL,Western-US-CA-EU-AU-NZ,2.0,NOTSELECTED,High School,1489064001,mobile phones gadgets,Perl
16594,Other,25-44,0,ALL,Western-US-CA-EU-AU-NZ,2.0,NOTSELECTED,High School,1489064001,mobile phones gadgets,Perl
16595,Other,45+,0,ALL,Western-US-CA-EU-AU-NZ,2.0,NOTSELECTED,High School,1489064001,mobile phones gadgets,Perl
16596,Other,18-24,40,ALL,Not Expats,1.0,NOTSELECTED,Graduated,1489064001,mobile phones gadgets,Perl
16597,Other,25-44,90,ALL,Not Expats,1.0,NOTSELECTED,Graduated,1489064001,mobile phones gadgets,Perl
16598,Other,45+,0,ALL,Not Expats,1.0,NOTSELECTED,Graduated,1489064001,mobile phones gadgets,Perl
16599,Other,18-24,0,ALL,Not Expats,2.0,NOTSELECTED,Graduated,1489064001,mobile phones gadgets,Perl
16600,Other,25-44,40,ALL,Not Expats,2.0,NOTSELECTED,Graduated,1489064001,mobile phones gadgets,Perl
16601,Other,45+,40,ALL,Not Expats,2.0,NOTSELECTED,Graduated,1489064001,mobile phones gadgets,Perl
16602,Other,18-24,250,ALL,Not Expats,1.0,NOTSELECTED,No Degree,1489064001,mobile phones gadgets,Perl
16603,Other,25-44,390,ALL,Not Expats,1.0,NOTSELECTED,No Degree,1489064001,mobile phones gadgets,Perl
16604,Other,45+,90,ALL,Not Expats,1.0,NOTSELECTED,No Degree,1489064001,mobile phones gadgets,Perl
16605,Other,18-24,40,ALL,Not Expats,2.0,NOTSELECTED,No Degree,1489064001,mobile phones gadgets,Perl
16606,Other,25-44,40,ALL,Not Expats,2.0,NOTSELECTED,No Degree,1489064001,mobile phones gadgets,Perl
16607,Other,45+,0,ALL,Not Expats,2.0,NOTSELECTED,No Degree,1489064001,mobile phones gadgets,Perl
16608,Other,18-24,90,ALL,Not Expats,1.0,NOTSELECTED,High School,1489064001,mobile phones gadgets,Perl
16609,Other,25-44,0,ALL,Not Expats,1.0,NOTSELECTED,High School,1489064001,mobile phones gadgets,Perl
16610,Other,45+,0,ALL,Not Expats,1.0,NOTSELECTED,High School,1489064001,mobile phones gadgets,Perl
16611,Other,18-24,0,ALL,Not Expats,2.0,NOTSELECTED,High School,1489064001,mobile phones gadgets,Perl
16612,Other,25-44,0,ALL,Not Expats,2.0,NOTSELECTED,High School,1489064001,mobile phones gadgets,Perl
16613,Other,45+,0,ALL,Not Expats,2.0,NOTSELECTED,High School,1489064001,mobile phones gadgets,Perl
16614,Other,18-24,0,ALL,Others,1.0,NOTSELECTED,Graduated,1489064001,mobile phones gadgets,Perl
16615,Other,25-44,0,ALL,Others,1.0,NOTSELECTED,Graduated,1489064001,mobile phones gadgets,Perl
16616,Other,45+,0,ALL,Others,1.0,NOTSELECTED,Graduated,1489064001,mobile phones gadgets,Perl
16617,Other,18-24,0,ALL,Others,2.0,NOTSELECTED,Graduated,1489064001,mobile phones gadgets,Perl
16618,Other,25-44,0,ALL,Others,2.0,NOTSELECTED,Graduated,1489064001,mobile phones gadgets,Perl
16619,Other,45+,0,ALL,Others,2.0,NOTSELECTED,Graduated,1489064001,mobile phones gadgets,Perl
16620,Other,18-24,0,ALL,Others,1.0,NOTSELECTED,No Degree,1489064001,mobile phones gadgets,Perl
16621,Other,25-44,40,ALL,Others,1.0,NOTSELECTED,No Degree,1489064001,mobile phones gadgets,Perl
16622,Other,45+,0,ALL,Others,1.0,NOTSELECTED,No Degree,1489064001,mobile phones gadgets,Perl
16623,Other,18-24,40,ALL,Others,2.0,NOTSELECTED,No Degree,1489064001,mobile phones gadgets,Perl
16624,Other,25-44,0,ALL,Others,2.0,NOTSELECTED,No Degree,1489064001,mobile phones gadgets,Perl
16625,Other,45+,0,ALL,Others,2.0,NOTSELECTED,No Degree,1489064001,mobile phones gadgets,Perl
16626,Other,18-24,0,ALL,Others,1.0,NOTSELECTED,High School,1489064001,mobile phones gadgets,Perl
16627,Other,25-44,0,ALL,Others,1.0,NOTSELECTED,High School,1489064001,mobile phones gadgets,Perl
16628,Other,45+,0,ALL,Others,1.0,NOTSELECTED,High School,1489064001,mobile phones gadgets,Perl
16629,Other,18-24,0,ALL,Others,2.0,NOTSELECTED,High School,1489064001,mobile phones gadgets,Perl
16630,Other,25-44,0,ALL,Others,2.0,NOTSELECTED,High School,1489064001,mobile phones gadgets,Perl
16631,Other,45+,0,ALL,Others,2.0,NOTSELECTED,High School,1489064001,mobile phones gadgets,Perl
