,age_range,gender,citizenship,scholarity,audience,topic,country_code
0,18-24,Male,Expats,Graduated,200000,NOTSELECTED,DZ
1,25-44,Male,Expats,Graduated,230000,NOTSELECTED,DZ
2,45+,Male,Expats,Graduated,32000,NOTSELECTED,DZ
3,18-24,Female,Expats,Graduated,91000,NOTSELECTED,DZ
4,25-44,Female,Expats,Graduated,60000,NOTSELECTED,DZ
5,45+,Female,Expats,Graduated,8800,NOTSELECTED,DZ
6,18-24,Male,Expats,No Degree,200000,NOTSELECTED,DZ
7,25-44,Male,Expats,No Degree,340000,NOTSELECTED,DZ
8,45+,Male,Expats,No Degree,59000,NOTSELECTED,DZ
9,18-24,Female,Expats,No Degree,130000,NOTSELECTED,DZ
10,25-44,Female,Expats,No Degree,110000,NOTSELECTED,DZ
11,45+,Female,Expats,No Degree,17000,NOTSELECTED,DZ
12,18-24,Male,Expats,High School,75000,NOTSELECTED,DZ
13,25-44,Male,Expats,High School,56000,NOTSELECTED,DZ
14,45+,Male,Expats,High School,11000,NOTSELECTED,DZ
15,18-24,Female,Expats,High School,36000,NOTSELECTED,DZ
16,25-44,Female,Expats,High School,17000,NOTSELECTED,DZ
17,45+,Female,Expats,High School,3600,NOTSELECTED,DZ
18,18-24,Male,Locals,Graduated,940000,NOTSELECTED,DZ
19,25-44,Male,Locals,Graduated,1400000,NOTSELECTED,DZ
20,45+,Male,Locals,Graduated,180000,NOTSELECTED,DZ
21,18-24,Female,Locals,Graduated,690000,NOTSELECTED,DZ
22,25-44,Female,Locals,Graduated,640000,NOTSELECTED,DZ
23,45+,Female,Locals,Graduated,60000,NOTSELECTED,DZ
24,18-24,Male,Locals,No Degree,2000000,NOTSELECTED,DZ
25,25-44,Male,Locals,No Degree,2800000,NOTSELECTED,DZ
26,45+,Male,Locals,No Degree,490000,NOTSELECTED,DZ
27,18-24,Female,Locals,No Degree,1600000,NOTSELECTED,DZ
28,25-44,Female,Locals,No Degree,1300000,NOTSELECTED,DZ
29,45+,Female,Locals,No Degree,190000,NOTSELECTED,DZ
30,18-24,Male,Locals,High School,440000,NOTSELECTED,DZ
31,25-44,Male,Locals,High School,420000,NOTSELECTED,DZ
32,45+,Male,Locals,High School,69000,NOTSELECTED,DZ
33,18-24,Female,Locals,High School,360000,NOTSELECTED,DZ
34,25-44,Female,Locals,High School,160000,NOTSELECTED,DZ
35,45+,Female,Locals,High School,26000,NOTSELECTED,DZ
36,18-24,Male,Expats,Graduated,29000,NOTSELECTED,BH
37,25-44,Male,Expats,Graduated,150000,NOTSELECTED,BH
38,45+,Male,Expats,Graduated,23000,NOTSELECTED,BH
39,18-24,Female,Expats,Graduated,8700,NOTSELECTED,BH
40,25-44,Female,Expats,Graduated,51000,NOTSELECTED,BH
41,45+,Female,Expats,Graduated,9200,NOTSELECTED,BH
42,18-24,Male,Expats,No Degree,66000,NOTSELECTED,BH
43,25-44,Male,Expats,No Degree,180000,NOTSELECTED,BH
44,45+,Male,Expats,No Degree,34000,NOTSELECTED,BH
45,18-24,Female,Expats,No Degree,20000,NOTSELECTED,BH
46,25-44,Female,Expats,No Degree,46000,NOTSELECTED,BH
47,45+,Female,Expats,No Degree,11000,NOTSELECTED,BH
48,18-24,Male,Expats,High School,14000,NOTSELECTED,BH
49,25-44,Male,Expats,High School,41000,NOTSELECTED,BH
50,45+,Male,Expats,High School,7500,NOTSELECTED,BH
51,18-24,Female,Expats,High School,5800,NOTSELECTED,BH
52,25-44,Female,Expats,High School,16000,NOTSELECTED,BH
53,45+,Female,Expats,High School,3100,NOTSELECTED,BH
54,18-24,Male,Locals,Graduated,9800,NOTSELECTED,BH
55,25-44,Male,Locals,Graduated,31000,NOTSELECTED,BH
56,45+,Male,Locals,Graduated,5700,NOTSELECTED,BH
57,18-24,Female,Locals,Graduated,7200,NOTSELECTED,BH
58,25-44,Female,Locals,Graduated,19000,NOTSELECTED,BH
59,45+,Female,Locals,Graduated,1900,NOTSELECTED,BH
60,18-24,Male,Locals,No Degree,40000,NOTSELECTED,BH
61,25-44,Male,Locals,No Degree,67000,NOTSELECTED,BH
62,45+,Male,Locals,No Degree,17000,NOTSELECTED,BH
63,18-24,Female,Locals,No Degree,25000,NOTSELECTED,BH
64,25-44,Female,Locals,No Degree,39000,NOTSELECTED,BH
65,45+,Female,Locals,No Degree,7600,NOTSELECTED,BH
66,18-24,Male,Locals,High School,7800,NOTSELECTED,BH
67,25-44,Male,Locals,High School,9300,NOTSELECTED,BH
68,45+,Male,Locals,High School,2100,NOTSELECTED,BH
69,18-24,Female,Locals,High School,8400,NOTSELECTED,BH
70,25-44,Female,Locals,High School,5300,NOTSELECTED,BH
71,45+,Female,Locals,High School,630,NOTSELECTED,BH
72,18-24,Male,Expats,Graduated,140000,NOTSELECTED,EG
73,25-44,Male,Expats,Graduated,270000,NOTSELECTED,EG
74,45+,Male,Expats,Graduated,46000,NOTSELECTED,EG
75,18-24,Female,Expats,Graduated,64000,NOTSELECTED,EG
76,25-44,Female,Expats,Graduated,100000,NOTSELECTED,EG
77,45+,Female,Expats,Graduated,16000,NOTSELECTED,EG
78,18-24,Male,Expats,No Degree,120000,NOTSELECTED,EG
79,25-44,Male,Expats,No Degree,200000,NOTSELECTED,EG
80,45+,Male,Expats,No Degree,44000,NOTSELECTED,EG
81,18-24,Female,Expats,No Degree,69000,NOTSELECTED,EG
82,25-44,Female,Expats,No Degree,85000,NOTSELECTED,EG
83,45+,Female,Expats,No Degree,21000,NOTSELECTED,EG
84,18-24,Male,Expats,High School,71000,NOTSELECTED,EG
85,25-44,Male,Expats,High School,61000,NOTSELECTED,EG
86,45+,Male,Expats,High School,11000,NOTSELECTED,EG
87,18-24,Female,Expats,High School,42000,NOTSELECTED,EG
88,25-44,Female,Expats,High School,26000,NOTSELECTED,EG
89,45+,Female,Expats,High School,5300,NOTSELECTED,EG
90,18-24,Male,Locals,Graduated,2400000,NOTSELECTED,EG
91,25-44,Male,Locals,Graduated,4000000,NOTSELECTED,EG
92,45+,Male,Locals,Graduated,670000,NOTSELECTED,EG
93,18-24,Female,Locals,Graduated,1600000,NOTSELECTED,EG
94,25-44,Female,Locals,Graduated,2100000,NOTSELECTED,EG
95,45+,Female,Locals,Graduated,290000,NOTSELECTED,EG
96,18-24,Male,Locals,No Degree,3100000,NOTSELECTED,EG
97,25-44,Male,Locals,No Degree,4500000,NOTSELECTED,EG
98,45+,Male,Locals,No Degree,1200000,NOTSELECTED,EG
99,18-24,Female,Locals,No Degree,2000000,NOTSELECTED,EG
100,25-44,Female,Locals,No Degree,2100000,NOTSELECTED,EG
101,45+,Female,Locals,No Degree,610000,NOTSELECTED,EG
102,18-24,Male,Locals,High School,1300000,NOTSELECTED,EG
103,25-44,Male,Locals,High School,980000,NOTSELECTED,EG
104,45+,Male,Locals,High School,180000,NOTSELECTED,EG
105,18-24,Female,Locals,High School,1100000,NOTSELECTED,EG
106,25-44,Female,Locals,High School,420000,NOTSELECTED,EG
107,45+,Female,Locals,High School,72000,NOTSELECTED,EG
108,18-24,Male,Expats,Graduated,100000,NOTSELECTED,IQ
109,25-44,Male,Expats,Graduated,190000,NOTSELECTED,IQ
110,45+,Male,Expats,Graduated,26000,NOTSELECTED,IQ
111,18-24,Female,Expats,Graduated,30000,NOTSELECTED,IQ
112,25-44,Female,Expats,Graduated,39000,NOTSELECTED,IQ
113,45+,Female,Expats,Graduated,4200,NOTSELECTED,IQ
114,18-24,Male,Expats,No Degree,120000,NOTSELECTED,IQ
115,25-44,Male,Expats,No Degree,160000,NOTSELECTED,IQ
116,45+,Male,Expats,No Degree,28000,NOTSELECTED,IQ
117,18-24,Female,Expats,No Degree,61000,NOTSELECTED,IQ
118,25-44,Female,Expats,No Degree,51000,NOTSELECTED,IQ
119,45+,Female,Expats,No Degree,8100,NOTSELECTED,IQ
120,18-24,Male,Expats,High School,49000,NOTSELECTED,IQ
121,25-44,Male,Expats,High School,54000,NOTSELECTED,IQ
122,45+,Male,Expats,High School,7800,NOTSELECTED,IQ
123,18-24,Female,Expats,High School,19000,NOTSELECTED,IQ
124,25-44,Female,Expats,High School,12000,NOTSELECTED,IQ
125,45+,Female,Expats,High School,1700,NOTSELECTED,IQ
126,18-24,Male,Locals,Graduated,930000,NOTSELECTED,IQ
127,25-44,Male,Locals,Graduated,1600000,NOTSELECTED,IQ
128,45+,Male,Locals,Graduated,260000,NOTSELECTED,IQ
129,18-24,Female,Locals,Graduated,340000,NOTSELECTED,IQ
130,25-44,Female,Locals,Graduated,430000,NOTSELECTED,IQ
131,45+,Female,Locals,Graduated,62000,NOTSELECTED,IQ
132,18-24,Male,Locals,No Degree,2400000,NOTSELECTED,IQ
133,25-44,Male,Locals,No Degree,2400000,NOTSELECTED,IQ
134,45+,Male,Locals,No Degree,560000,NOTSELECTED,IQ
135,18-24,Female,Locals,No Degree,1100000,NOTSELECTED,IQ
136,25-44,Female,Locals,No Degree,850000,NOTSELECTED,IQ
137,45+,Female,Locals,No Degree,190000,NOTSELECTED,IQ
138,18-24,Male,Locals,High School,560000,NOTSELECTED,IQ
139,25-44,Male,Locals,High School,520000,NOTSELECTED,IQ
140,45+,Male,Locals,High School,84000,NOTSELECTED,IQ
141,18-24,Female,Locals,High School,290000,NOTSELECTED,IQ
142,25-44,Female,Locals,High School,150000,NOTSELECTED,IQ
143,45+,Female,Locals,High School,22000,NOTSELECTED,IQ
144,18-24,Male,Expats,Graduated,72000,NOTSELECTED,JO
145,25-44,Male,Expats,Graduated,160000,NOTSELECTED,JO
146,45+,Male,Expats,Graduated,27000,NOTSELECTED,JO
147,18-24,Female,Expats,Graduated,43000,NOTSELECTED,JO
148,25-44,Female,Expats,Graduated,86000,NOTSELECTED,JO
149,45+,Female,Expats,Graduated,17000,NOTSELECTED,JO
150,18-24,Male,Expats,No Degree,120000,NOTSELECTED,JO
151,25-44,Male,Expats,No Degree,190000,NOTSELECTED,JO
152,45+,Male,Expats,No Degree,41000,NOTSELECTED,JO
153,18-24,Female,Expats,No Degree,79000,NOTSELECTED,JO
154,25-44,Female,Expats,No Degree,92000,NOTSELECTED,JO
155,45+,Female,Expats,No Degree,30000,NOTSELECTED,JO
156,18-24,Male,Expats,High School,53000,NOTSELECTED,JO
157,25-44,Male,Expats,High School,50000,NOTSELECTED,JO
158,45+,Male,Expats,High School,9000,NOTSELECTED,JO
159,18-24,Female,Expats,High School,46000,NOTSELECTED,JO
160,25-44,Female,Expats,High School,29000,NOTSELECTED,JO
161,45+,Female,Expats,High School,6900,NOTSELECTED,JO
162,18-24,Male,Locals,Graduated,210000,NOTSELECTED,JO
163,25-44,Male,Locals,Graduated,400000,NOTSELECTED,JO
164,45+,Male,Locals,Graduated,79000,NOTSELECTED,JO
165,18-24,Female,Locals,Graduated,150000,NOTSELECTED,JO
166,25-44,Female,Locals,Graduated,240000,NOTSELECTED,JO
167,45+,Female,Locals,Graduated,36000,NOTSELECTED,JO
168,18-24,Male,Locals,No Degree,430000,NOTSELECTED,JO
169,25-44,Male,Locals,No Degree,470000,NOTSELECTED,JO
170,45+,Male,Locals,No Degree,170000,NOTSELECTED,JO
171,18-24,Female,Locals,No Degree,360000,NOTSELECTED,JO
172,25-44,Female,Locals,No Degree,360000,NOTSELECTED,JO
173,45+,Female,Locals,No Degree,110000,NOTSELECTED,JO
174,18-24,Male,Locals,High School,160000,NOTSELECTED,JO
175,25-44,Male,Locals,High School,130000,NOTSELECTED,JO
176,45+,Male,Locals,High School,31000,NOTSELECTED,JO
177,18-24,Female,Locals,High School,160000,NOTSELECTED,JO
178,25-44,Female,Locals,High School,80000,NOTSELECTED,JO
179,45+,Female,Locals,High School,16000,NOTSELECTED,JO
180,18-24,Male,Expats,Graduated,51000,NOTSELECTED,KW
181,25-44,Male,Expats,Graduated,410000,NOTSELECTED,KW
182,45+,Male,Expats,Graduated,67000,NOTSELECTED,KW
183,18-24,Female,Expats,Graduated,23000,NOTSELECTED,KW
184,25-44,Female,Expats,Graduated,170000,NOTSELECTED,KW
185,45+,Female,Expats,Graduated,24000,NOTSELECTED,KW
186,18-24,Male,Expats,No Degree,170000,NOTSELECTED,KW
187,25-44,Male,Expats,No Degree,570000,NOTSELECTED,KW
188,45+,Male,Expats,No Degree,120000,NOTSELECTED,KW
189,18-24,Female,Expats,No Degree,76000,NOTSELECTED,KW
190,25-44,Female,Expats,No Degree,200000,NOTSELECTED,KW
191,45+,Female,Expats,No Degree,38000,NOTSELECTED,KW
192,18-24,Male,Expats,High School,28000,NOTSELECTED,KW
193,25-44,Male,Expats,High School,120000,NOTSELECTED,KW
194,45+,Male,Expats,High School,21000,NOTSELECTED,KW
195,18-24,Female,Expats,High School,17000,NOTSELECTED,KW
196,25-44,Female,Expats,High School,67000,NOTSELECTED,KW
197,45+,Female,Expats,High School,9100,NOTSELECTED,KW
198,18-24,Male,Locals,Graduated,11000,NOTSELECTED,KW
199,25-44,Male,Locals,Graduated,48000,NOTSELECTED,KW
200,45+,Male,Locals,Graduated,8200,NOTSELECTED,KW
201,18-24,Female,Locals,Graduated,6100,NOTSELECTED,KW
202,25-44,Female,Locals,Graduated,25000,NOTSELECTED,KW
203,45+,Female,Locals,Graduated,3100,NOTSELECTED,KW
204,18-24,Male,Locals,No Degree,99000,NOTSELECTED,KW
205,25-44,Male,Locals,No Degree,200000,NOTSELECTED,KW
206,45+,Male,Locals,No Degree,37000,NOTSELECTED,KW
207,18-24,Female,Locals,No Degree,60000,NOTSELECTED,KW
208,25-44,Female,Locals,No Degree,99000,NOTSELECTED,KW
209,45+,Female,Locals,No Degree,16000,NOTSELECTED,KW
210,18-24,Male,Locals,High School,8500,NOTSELECTED,KW
211,25-44,Male,Locals,High School,13000,NOTSELECTED,KW
212,45+,Male,Locals,High School,2300,NOTSELECTED,KW
213,18-24,Female,Locals,High School,6700,NOTSELECTED,KW
214,25-44,Female,Locals,High School,6400,NOTSELECTED,KW
215,45+,Female,Locals,High School,880,NOTSELECTED,KW
216,18-24,Male,Expats,Graduated,47000,NOTSELECTED,LB
217,25-44,Male,Expats,Graduated,95000,NOTSELECTED,LB
218,45+,Male,Expats,Graduated,14000,NOTSELECTED,LB
219,18-24,Female,Expats,Graduated,19000,NOTSELECTED,LB
220,25-44,Female,Expats,Graduated,47000,NOTSELECTED,LB
221,45+,Female,Expats,Graduated,10000,NOTSELECTED,LB
222,18-24,Male,Expats,No Degree,130000,NOTSELECTED,LB
223,25-44,Male,Expats,No Degree,180000,NOTSELECTED,LB
224,45+,Male,Expats,No Degree,29000,NOTSELECTED,LB
225,18-24,Female,Expats,No Degree,66000,NOTSELECTED,LB
226,25-44,Female,Expats,No Degree,83000,NOTSELECTED,LB
227,45+,Female,Expats,No Degree,19000,NOTSELECTED,LB
228,18-24,Male,Expats,High School,28000,NOTSELECTED,LB
229,25-44,Male,Expats,High School,35000,NOTSELECTED,LB
230,45+,Male,Expats,High School,5000,NOTSELECTED,LB
231,18-24,Female,Expats,High School,14000,NOTSELECTED,LB
232,25-44,Female,Expats,High School,20000,NOTSELECTED,LB
233,45+,Female,Expats,High School,4100,NOTSELECTED,LB
234,18-24,Male,Locals,Graduated,81000,NOTSELECTED,LB
235,25-44,Male,Locals,Graduated,190000,NOTSELECTED,LB
236,45+,Male,Locals,Graduated,56000,NOTSELECTED,LB
237,18-24,Female,Locals,Graduated,75000,NOTSELECTED,LB
238,25-44,Female,Locals,Graduated,170000,NOTSELECTED,LB
239,45+,Female,Locals,Graduated,42000,NOTSELECTED,LB
240,18-24,Male,Locals,No Degree,270000,NOTSELECTED,LB
241,25-44,Male,Locals,No Degree,360000,NOTSELECTED,LB
242,45+,Male,Locals,No Degree,150000,NOTSELECTED,LB
243,18-24,Female,Locals,No Degree,190000,NOTSELECTED,LB
244,25-44,Female,Locals,No Degree,270000,NOTSELECTED,LB
245,45+,Female,Locals,No Degree,140000,NOTSELECTED,LB
246,18-24,Male,Locals,High School,65000,NOTSELECTED,LB
247,25-44,Male,Locals,High School,56000,NOTSELECTED,LB
248,45+,Male,Locals,High School,18000,NOTSELECTED,LB
249,18-24,Female,Locals,High School,75000,NOTSELECTED,LB
250,25-44,Female,Locals,High School,49000,NOTSELECTED,LB
251,45+,Female,Locals,High School,16000,NOTSELECTED,LB
252,18-24,Male,Expats,Graduated,28000,NOTSELECTED,LY
253,25-44,Male,Expats,Graduated,78000,NOTSELECTED,LY
254,45+,Male,Expats,Graduated,11000,NOTSELECTED,LY
255,18-24,Female,Expats,Graduated,9200,NOTSELECTED,LY
256,25-44,Female,Expats,Graduated,18000,NOTSELECTED,LY
257,45+,Female,Expats,Graduated,3400,NOTSELECTED,LY
258,18-24,Male,Expats,No Degree,57000,NOTSELECTED,LY
259,25-44,Male,Expats,No Degree,120000,NOTSELECTED,LY
260,45+,Male,Expats,No Degree,17000,NOTSELECTED,LY
261,18-24,Female,Expats,No Degree,17000,NOTSELECTED,LY
262,25-44,Female,Expats,No Degree,27000,NOTSELECTED,LY
263,45+,Female,Expats,No Degree,5700,NOTSELECTED,LY
264,18-24,Male,Expats,High School,12000,NOTSELECTED,LY
265,25-44,Male,Expats,High School,21000,NOTSELECTED,LY
266,45+,Male,Expats,High School,3100,NOTSELECTED,LY
267,18-24,Female,Expats,High School,5100,NOTSELECTED,LY
268,25-44,Female,Expats,High School,5000,NOTSELECTED,LY
269,45+,Female,Expats,High School,950,NOTSELECTED,LY
270,18-24,Male,Locals,Graduated,130000,NOTSELECTED,LY
271,25-44,Male,Locals,Graduated,310000,NOTSELECTED,LY
272,45+,Male,Locals,Graduated,55000,NOTSELECTED,LY
273,18-24,Female,Locals,Graduated,110000,NOTSELECTED,LY
274,25-44,Female,Locals,Graduated,170000,NOTSELECTED,LY
275,45+,Female,Locals,Graduated,21000,NOTSELECTED,LY
276,18-24,Male,Locals,No Degree,220000,NOTSELECTED,LY
277,25-44,Male,Locals,No Degree,420000,NOTSELECTED,LY
278,45+,Male,Locals,No Degree,100000,NOTSELECTED,LY
279,18-24,Female,Locals,No Degree,170000,NOTSELECTED,LY
280,25-44,Female,Locals,No Degree,260000,NOTSELECTED,LY
281,45+,Female,Locals,No Degree,62000,NOTSELECTED,LY
282,18-24,Male,Locals,High School,74000,NOTSELECTED,LY
283,25-44,Male,Locals,High School,73000,NOTSELECTED,LY
284,45+,Male,Locals,High School,16000,NOTSELECTED,LY
285,18-24,Female,Locals,High School,77000,NOTSELECTED,LY
286,25-44,Female,Locals,High School,43000,NOTSELECTED,LY
287,45+,Female,Locals,High School,6900,NOTSELECTED,LY
288,18-24,Male,Expats,Graduated,160000,NOTSELECTED,MA
289,25-44,Male,Expats,Graduated,160000,NOTSELECTED,MA
290,45+,Male,Expats,Graduated,23000,NOTSELECTED,MA
291,18-24,Female,Expats,Graduated,61000,NOTSELECTED,MA
292,25-44,Female,Expats,Graduated,52000,NOTSELECTED,MA
293,45+,Female,Expats,Graduated,7800,NOTSELECTED,MA
294,18-24,Male,Expats,No Degree,110000,NOTSELECTED,MA
295,25-44,Male,Expats,No Degree,170000,NOTSELECTED,MA
296,45+,Male,Expats,No Degree,37000,NOTSELECTED,MA
297,18-24,Female,Expats,No Degree,73000,NOTSELECTED,MA
298,25-44,Female,Expats,No Degree,82000,NOTSELECTED,MA
299,45+,Female,Expats,No Degree,14000,NOTSELECTED,MA
300,18-24,Male,Expats,High School,57000,NOTSELECTED,MA
301,25-44,Male,Expats,High School,40000,NOTSELECTED,MA
302,45+,Male,Expats,High School,7600,NOTSELECTED,MA
303,18-24,Female,Expats,High School,26000,NOTSELECTED,MA
304,25-44,Female,Expats,High School,16000,NOTSELECTED,MA
305,45+,Female,Expats,High School,3300,NOTSELECTED,MA
306,18-24,Male,Locals,Graduated,990000,NOTSELECTED,MA
307,25-44,Male,Locals,Graduated,1200000,NOTSELECTED,MA
308,45+,Male,Locals,Graduated,180000,NOTSELECTED,MA
309,18-24,Female,Locals,Graduated,600000,NOTSELECTED,MA
310,25-44,Female,Locals,Graduated,490000,NOTSELECTED,MA
311,45+,Female,Locals,Graduated,63000,NOTSELECTED,MA
312,18-24,Male,Locals,No Degree,1500000,NOTSELECTED,MA
313,25-44,Male,Locals,No Degree,2000000,NOTSELECTED,MA
314,45+,Male,Locals,No Degree,460000,NOTSELECTED,MA
315,18-24,Female,Locals,No Degree,1100000,NOTSELECTED,MA
316,25-44,Female,Locals,No Degree,920000,NOTSELECTED,MA
317,45+,Female,Locals,No Degree,180000,NOTSELECTED,MA
318,18-24,Male,Locals,High School,440000,NOTSELECTED,MA
319,25-44,Male,Locals,High School,330000,NOTSELECTED,MA
320,45+,Male,Locals,High School,63000,NOTSELECTED,MA
321,18-24,Female,Locals,High School,330000,NOTSELECTED,MA
322,25-44,Female,Locals,High School,150000,NOTSELECTED,MA
323,45+,Female,Locals,High School,26000,NOTSELECTED,MA
324,18-24,Male,Expats,Graduated,55000,NOTSELECTED,OM
325,25-44,Male,Expats,Graduated,260000,NOTSELECTED,OM
326,45+,Male,Expats,Graduated,33000,NOTSELECTED,OM
327,18-24,Female,Expats,Graduated,12000,NOTSELECTED,OM
328,25-44,Female,Expats,Graduated,61000,NOTSELECTED,OM
329,45+,Female,Expats,Graduated,9100,NOTSELECTED,OM
330,18-24,Male,Expats,No Degree,200000,NOTSELECTED,OM
331,25-44,Male,Expats,No Degree,410000,NOTSELECTED,OM
332,45+,Male,Expats,No Degree,48000,NOTSELECTED,OM
333,18-24,Female,Expats,No Degree,52000,NOTSELECTED,OM
334,25-44,Female,Expats,No Degree,72000,NOTSELECTED,OM
335,45+,Female,Expats,No Degree,10000,NOTSELECTED,OM
336,18-24,Male,Expats,High School,23000,NOTSELECTED,OM
337,25-44,Male,Expats,High School,68000,NOTSELECTED,OM
338,45+,Male,Expats,High School,9200,NOTSELECTED,OM
339,18-24,Female,Expats,High School,8500,NOTSELECTED,OM
340,25-44,Female,Expats,High School,16000,NOTSELECTED,OM
341,45+,Female,Expats,High School,2500,NOTSELECTED,OM
342,18-24,Male,Locals,Graduated,32000,NOTSELECTED,OM
343,25-44,Male,Locals,Graduated,71000,NOTSELECTED,OM
344,45+,Male,Locals,Graduated,4500,NOTSELECTED,OM
345,18-24,Female,Locals,Graduated,11000,NOTSELECTED,OM
346,25-44,Female,Locals,Graduated,17000,NOTSELECTED,OM
347,45+,Female,Locals,Graduated,780,NOTSELECTED,OM
348,18-24,Male,Locals,No Degree,120000,NOTSELECTED,OM
349,25-44,Male,Locals,No Degree,150000,NOTSELECTED,OM
350,45+,Male,Locals,No Degree,16000,NOTSELECTED,OM
351,18-24,Female,Locals,No Degree,51000,NOTSELECTED,OM
352,25-44,Female,Locals,No Degree,51000,NOTSELECTED,OM
353,45+,Female,Locals,No Degree,4300,NOTSELECTED,OM
354,18-24,Male,Locals,High School,19000,NOTSELECTED,OM
355,25-44,Male,Locals,High School,21000,NOTSELECTED,OM
356,45+,Male,Locals,High School,1800,NOTSELECTED,OM
357,18-24,Female,Locals,High School,8100,NOTSELECTED,OM
358,25-44,Female,Locals,High School,4300,NOTSELECTED,OM
359,45+,Female,Locals,High School,290,NOTSELECTED,OM
360,18-24,Male,Expats,Graduated,120000,NOTSELECTED,QA
361,25-44,Male,Expats,Graduated,550000,NOTSELECTED,QA
362,45+,Male,Expats,Graduated,69000,NOTSELECTED,QA
363,18-24,Female,Expats,Graduated,30000,NOTSELECTED,QA
364,25-44,Female,Expats,Graduated,160000,NOTSELECTED,QA
365,45+,Female,Expats,Graduated,18000,NOTSELECTED,QA
366,18-24,Male,Expats,No Degree,280000,NOTSELECTED,QA
367,25-44,Male,Expats,No Degree,540000,NOTSELECTED,QA
368,45+,Male,Expats,No Degree,83000,NOTSELECTED,QA
369,18-24,Female,Expats,No Degree,62000,NOTSELECTED,QA
370,25-44,Female,Expats,No Degree,120000,NOTSELECTED,QA
371,45+,Female,Expats,No Degree,20000,NOTSELECTED,QA
372,18-24,Male,Expats,High School,50000,NOTSELECTED,QA
373,25-44,Male,Expats,High School,140000,NOTSELECTED,QA
374,45+,Male,Expats,High School,19000,NOTSELECTED,QA
375,18-24,Female,Expats,High School,16000,NOTSELECTED,QA
376,25-44,Female,Expats,High School,41000,NOTSELECTED,QA
377,45+,Female,Expats,High School,5400,NOTSELECTED,QA
378,18-24,Male,Locals,Graduated,6800,NOTSELECTED,QA
379,25-44,Male,Locals,Graduated,19000,NOTSELECTED,QA
380,45+,Male,Locals,Graduated,2400,NOTSELECTED,QA
381,18-24,Female,Locals,Graduated,3500,NOTSELECTED,QA
382,25-44,Female,Locals,Graduated,8100,NOTSELECTED,QA
383,45+,Female,Locals,Graduated,780,NOTSELECTED,QA
384,18-24,Male,Locals,No Degree,46000,NOTSELECTED,QA
385,25-44,Male,Locals,No Degree,81000,NOTSELECTED,QA
386,45+,Male,Locals,No Degree,13000,NOTSELECTED,QA
387,18-24,Female,Locals,No Degree,22000,NOTSELECTED,QA
388,25-44,Female,Locals,No Degree,34000,NOTSELECTED,QA
389,45+,Female,Locals,No Degree,4400,NOTSELECTED,QA
390,18-24,Male,Locals,High School,3700,NOTSELECTED,QA
391,25-44,Male,Locals,High School,5800,NOTSELECTED,QA
392,45+,Male,Locals,High School,720,NOTSELECTED,QA
393,18-24,Female,Locals,High School,3500,NOTSELECTED,QA
394,25-44,Female,Locals,High School,2400,NOTSELECTED,QA
395,45+,Female,Locals,High School,260,NOTSELECTED,QA
396,18-24,Male,Expats,Graduated,400000,NOTSELECTED,SA
397,25-44,Male,Expats,Graduated,2000000,NOTSELECTED,SA
398,45+,Male,Expats,Graduated,260000,NOTSELECTED,SA
399,18-24,Female,Expats,Graduated,100000,NOTSELECTED,SA
400,25-44,Female,Expats,Graduated,450000,NOTSELECTED,SA
401,45+,Female,Expats,Graduated,58000,NOTSELECTED,SA
402,18-24,Male,Expats,No Degree,150000,NOTSELECTED,SA
403,25-44,Male,Expats,No Degree,440000,NOTSELECTED,SA
404,45+,Male,Expats,No Degree,82000,NOTSELECTED,SA
405,18-24,Female,Expats,No Degree,73000,NOTSELECTED,SA
406,25-44,Female,Expats,No Degree,150000,NOTSELECTED,SA
407,45+,Female,Expats,No Degree,26000,NOTSELECTED,SA
408,18-24,Male,Expats,High School,150000,NOTSELECTED,SA
409,25-44,Male,Expats,High School,470000,NOTSELECTED,SA
410,45+,Male,Expats,High School,66000,NOTSELECTED,SA
411,18-24,Female,Expats,High School,60000,NOTSELECTED,SA
412,25-44,Female,Expats,High School,130000,NOTSELECTED,SA
413,45+,Female,Expats,High School,18000,NOTSELECTED,SA
414,18-24,Male,Locals,Graduated,320000,NOTSELECTED,SA
415,25-44,Male,Locals,Graduated,1200000,NOTSELECTED,SA
416,45+,Male,Locals,Graduated,150000,NOTSELECTED,SA
417,18-24,Female,Locals,Graduated,140000,NOTSELECTED,SA
418,25-44,Female,Locals,Graduated,350000,NOTSELECTED,SA
419,45+,Female,Locals,Graduated,36000,NOTSELECTED,SA
420,18-24,Male,Locals,No Degree,2500000,NOTSELECTED,SA
421,25-44,Male,Locals,No Degree,4300000,NOTSELECTED,SA
422,45+,Male,Locals,No Degree,690000,NOTSELECTED,SA
423,18-24,Female,Locals,No Degree,980000,NOTSELECTED,SA
424,25-44,Female,Locals,No Degree,1200000,NOTSELECTED,SA
425,45+,Female,Locals,No Degree,220000,NOTSELECTED,SA
426,18-24,Male,Locals,High School,210000,NOTSELECTED,SA
427,25-44,Male,Locals,High School,420000,NOTSELECTED,SA
428,45+,Male,Locals,High School,56000,NOTSELECTED,SA
429,18-24,Female,Locals,High School,120000,NOTSELECTED,SA
430,25-44,Female,Locals,High School,120000,NOTSELECTED,SA
431,45+,Female,Locals,High School,14000,NOTSELECTED,SA
432,18-24,Male,Expats,Graduated,19000,NOTSELECTED,SO
433,25-44,Male,Expats,Graduated,19000,NOTSELECTED,SO
434,45+,Male,Expats,Graduated,2700,NOTSELECTED,SO
435,18-24,Female,Expats,Graduated,7500,NOTSELECTED,SO
436,25-44,Female,Expats,Graduated,4400,NOTSELECTED,SO
437,45+,Female,Expats,Graduated,550,NOTSELECTED,SO
438,18-24,Male,Expats,No Degree,8000,NOTSELECTED,SO
439,25-44,Male,Expats,No Degree,12000,NOTSELECTED,SO
440,45+,Male,Expats,No Degree,2200,NOTSELECTED,SO
441,18-24,Female,Expats,No Degree,5000,NOTSELECTED,SO
442,25-44,Female,Expats,No Degree,3200,NOTSELECTED,SO
443,45+,Female,Expats,No Degree,450,NOTSELECTED,SO
444,18-24,Male,Expats,High School,4800,NOTSELECTED,SO
445,25-44,Male,Expats,High School,4200,NOTSELECTED,SO
446,45+,Male,Expats,High School,700,NOTSELECTED,SO
447,18-24,Female,Expats,High School,2700,NOTSELECTED,SO
448,25-44,Female,Expats,High School,1100,NOTSELECTED,SO
449,45+,Female,Expats,High School,150,NOTSELECTED,SO
450,18-24,Male,Locals,Graduated,60000,NOTSELECTED,SO
451,25-44,Male,Locals,Graduated,61000,NOTSELECTED,SO
452,45+,Male,Locals,Graduated,5100,NOTSELECTED,SO
453,18-24,Female,Locals,Graduated,33000,NOTSELECTED,SO
454,25-44,Female,Locals,Graduated,18000,NOTSELECTED,SO
455,45+,Female,Locals,Graduated,1800,NOTSELECTED,SO
456,18-24,Male,Locals,No Degree,150000,NOTSELECTED,SO
457,25-44,Male,Locals,No Degree,97000,NOTSELECTED,SO
458,45+,Male,Locals,No Degree,17000,NOTSELECTED,SO
459,18-24,Female,Locals,No Degree,120000,NOTSELECTED,SO
460,25-44,Female,Locals,No Degree,48000,NOTSELECTED,SO
461,45+,Female,Locals,No Degree,5600,NOTSELECTED,SO
462,18-24,Male,Locals,High School,21000,NOTSELECTED,SO
463,25-44,Male,Locals,High School,13000,NOTSELECTED,SO
464,45+,Male,Locals,High School,1500,NOTSELECTED,SO
465,18-24,Female,Locals,High School,13000,NOTSELECTED,SO
466,25-44,Female,Locals,High School,4600,NOTSELECTED,SO
467,45+,Female,Locals,High School,580,NOTSELECTED,SO
468,18-24,Male,Expats,Graduated,57000,NOTSELECTED,TN
469,25-44,Male,Expats,Graduated,72000,NOTSELECTED,TN
470,45+,Male,Expats,Graduated,15000,NOTSELECTED,TN
471,18-24,Female,Expats,Graduated,27000,NOTSELECTED,TN
472,25-44,Female,Expats,Graduated,30000,NOTSELECTED,TN
473,45+,Female,Expats,Graduated,6400,NOTSELECTED,TN
474,18-24,Male,Expats,No Degree,44000,NOTSELECTED,TN
475,25-44,Male,Expats,No Degree,81000,NOTSELECTED,TN
476,45+,Male,Expats,No Degree,19000,NOTSELECTED,TN
477,18-24,Female,Expats,No Degree,31000,NOTSELECTED,TN
478,25-44,Female,Expats,No Degree,40000,NOTSELECTED,TN
479,45+,Female,Expats,No Degree,8600,NOTSELECTED,TN
480,18-24,Male,Expats,High School,24000,NOTSELECTED,TN
481,25-44,Male,Expats,High School,21000,NOTSELECTED,TN
482,45+,Male,Expats,High School,5300,NOTSELECTED,TN
483,18-24,Female,Expats,High School,14000,NOTSELECTED,TN
484,25-44,Female,Expats,High School,9600,NOTSELECTED,TN
485,45+,Female,Expats,High School,3000,NOTSELECTED,TN
486,18-24,Male,Locals,Graduated,300000,NOTSELECTED,TN
487,25-44,Male,Locals,Graduated,600000,NOTSELECTED,TN
488,45+,Male,Locals,Graduated,130000,NOTSELECTED,TN
489,18-24,Female,Locals,Graduated,290000,NOTSELECTED,TN
490,25-44,Female,Locals,Graduated,450000,NOTSELECTED,TN
491,45+,Female,Locals,Graduated,57000,NOTSELECTED,TN
492,18-24,Male,Locals,No Degree,490000,NOTSELECTED,TN
493,25-44,Male,Locals,No Degree,780000,NOTSELECTED,TN
494,45+,Male,Locals,No Degree,220000,NOTSELECTED,TN
495,18-24,Female,Locals,No Degree,450000,NOTSELECTED,TN
496,25-44,Female,Locals,No Degree,520000,NOTSELECTED,TN
497,45+,Female,Locals,No Degree,130000,NOTSELECTED,TN
498,18-24,Male,Locals,High School,160000,NOTSELECTED,TN
499,25-44,Male,Locals,High School,190000,NOTSELECTED,TN
500,45+,Male,Locals,High School,56000,NOTSELECTED,TN
501,18-24,Female,Locals,High School,170000,NOTSELECTED,TN
502,25-44,Female,Locals,High School,130000,NOTSELECTED,TN
503,45+,Female,Locals,High School,33000,NOTSELECTED,TN
504,18-24,Male,Expats,Graduated,390000,NOTSELECTED,AE
505,25-44,Male,Expats,Graduated,1900000,NOTSELECTED,AE
506,45+,Male,Expats,Graduated,240000,NOTSELECTED,AE
507,18-24,Female,Expats,Graduated,130000,NOTSELECTED,AE
508,25-44,Female,Expats,Graduated,710000,NOTSELECTED,AE
509,45+,Female,Expats,Graduated,91000,NOTSELECTED,AE
510,18-24,Male,Expats,No Degree,660000,NOTSELECTED,AE
511,25-44,Male,Expats,No Degree,1600000,NOTSELECTED,AE
512,45+,Male,Expats,No Degree,260000,NOTSELECTED,AE
513,18-24,Female,Expats,No Degree,210000,NOTSELECTED,AE
514,25-44,Female,Expats,No Degree,440000,NOTSELECTED,AE
515,45+,Female,Expats,No Degree,90000,NOTSELECTED,AE
516,18-24,Male,Expats,High School,150000,NOTSELECTED,AE
517,25-44,Male,Expats,High School,450000,NOTSELECTED,AE
518,45+,Male,Expats,High School,66000,NOTSELECTED,AE
519,18-24,Female,Expats,High School,73000,NOTSELECTED,AE
520,25-44,Female,Expats,High School,160000,NOTSELECTED,AE
521,45+,Female,Expats,High School,27000,NOTSELECTED,AE
522,18-24,Male,Locals,Graduated,26000,NOTSELECTED,AE
523,25-44,Male,Locals,Graduated,88000,NOTSELECTED,AE
524,45+,Male,Locals,Graduated,10000,NOTSELECTED,AE
525,18-24,Female,Locals,Graduated,17000,NOTSELECTED,AE
526,25-44,Female,Locals,Graduated,43000,NOTSELECTED,AE
527,45+,Female,Locals,Graduated,3100,NOTSELECTED,AE
528,18-24,Male,Locals,No Degree,160000,NOTSELECTED,AE
529,25-44,Male,Locals,No Degree,290000,NOTSELECTED,AE
530,45+,Male,Locals,No Degree,49000,NOTSELECTED,AE
531,18-24,Female,Locals,No Degree,95000,NOTSELECTED,AE
532,25-44,Female,Locals,No Degree,150000,NOTSELECTED,AE
533,45+,Female,Locals,No Degree,21000,NOTSELECTED,AE
534,18-24,Male,Locals,High School,18000,NOTSELECTED,AE
535,25-44,Male,Locals,High School,25000,NOTSELECTED,AE
536,45+,Male,Locals,High School,3100,NOTSELECTED,AE
537,18-24,Female,Locals,High School,13000,NOTSELECTED,AE
538,25-44,Female,Locals,High School,11000,NOTSELECTED,AE
539,45+,Female,Locals,High School,1100,NOTSELECTED,AE
540,18-24,Male,Expats,Graduated,22000,NOTSELECTED,YE
541,25-44,Male,Expats,Graduated,38000,NOTSELECTED,YE
542,45+,Male,Expats,Graduated,3800,NOTSELECTED,YE
543,18-24,Female,Expats,Graduated,4600,NOTSELECTED,YE
544,25-44,Female,Expats,Graduated,6700,NOTSELECTED,YE
545,45+,Female,Expats,Graduated,630,NOTSELECTED,YE
546,18-24,Male,Expats,No Degree,22000,NOTSELECTED,YE
547,25-44,Male,Expats,No Degree,35000,NOTSELECTED,YE
548,45+,Male,Expats,No Degree,3600,NOTSELECTED,YE
549,18-24,Female,Expats,No Degree,12000,NOTSELECTED,YE
550,25-44,Female,Expats,No Degree,9600,NOTSELECTED,YE
551,45+,Female,Expats,No Degree,1200,NOTSELECTED,YE
552,18-24,Male,Expats,High School,9900,NOTSELECTED,YE
553,25-44,Male,Expats,High School,9500,NOTSELECTED,YE
554,45+,Male,Expats,High School,1100,NOTSELECTED,YE
555,18-24,Female,Expats,High School,3100,NOTSELECTED,YE
556,25-44,Female,Expats,High School,2000,NOTSELECTED,YE
557,45+,Female,Expats,High School,180,NOTSELECTED,YE
558,18-24,Male,Locals,Graduated,150000,NOTSELECTED,YE
559,25-44,Male,Locals,Graduated,310000,NOTSELECTED,YE
560,45+,Male,Locals,Graduated,26000,NOTSELECTED,YE
561,18-24,Female,Locals,Graduated,26000,NOTSELECTED,YE
562,25-44,Female,Locals,Graduated,41000,NOTSELECTED,YE
563,45+,Female,Locals,Graduated,2300,NOTSELECTED,YE
564,18-24,Male,Locals,No Degree,360000,NOTSELECTED,YE
565,25-44,Male,Locals,No Degree,420000,NOTSELECTED,YE
566,45+,Male,Locals,No Degree,53000,NOTSELECTED,YE
567,18-24,Female,Locals,No Degree,74000,NOTSELECTED,YE
568,25-44,Female,Locals,No Degree,62000,NOTSELECTED,YE
569,45+,Female,Locals,No Degree,7300,NOTSELECTED,YE
570,18-24,Male,Locals,High School,98000,NOTSELECTED,YE
571,25-44,Male,Locals,High School,94000,NOTSELECTED,YE
572,45+,Male,Locals,High School,8300,NOTSELECTED,YE
573,18-24,Female,Locals,High School,24000,NOTSELECTED,YE
574,25-44,Female,Locals,High School,12000,NOTSELECTED,YE
575,45+,Female,Locals,High School,990,NOTSELECTED,YE
576,18-24,Male,Expats,Graduated,21000,NOTSELECTED,PS
577,25-44,Male,Expats,Graduated,35000,NOTSELECTED,PS
578,45+,Male,Expats,Graduated,5900,NOTSELECTED,PS
579,18-24,Female,Expats,Graduated,18000,NOTSELECTED,PS
580,25-44,Female,Expats,Graduated,22000,NOTSELECTED,PS
581,45+,Female,Expats,Graduated,2900,NOTSELECTED,PS
582,18-24,Male,Expats,No Degree,15000,NOTSELECTED,PS
583,25-44,Male,Expats,No Degree,21000,NOTSELECTED,PS
584,45+,Male,Expats,No Degree,4900,NOTSELECTED,PS
585,18-24,Female,Expats,No Degree,19000,NOTSELECTED,PS
586,25-44,Female,Expats,No Degree,17000,NOTSELECTED,PS
587,45+,Female,Expats,No Degree,3900,NOTSELECTED,PS
588,18-24,Male,Expats,High School,11000,NOTSELECTED,PS
589,25-44,Male,Expats,High School,7800,NOTSELECTED,PS
590,45+,Male,Expats,High School,1500,NOTSELECTED,PS
591,18-24,Female,Expats,High School,13000,NOTSELECTED,PS
592,25-44,Female,Expats,High School,5900,NOTSELECTED,PS
593,45+,Female,Expats,High School,1400,NOTSELECTED,PS
594,18-24,Male,Locals,Graduated,89000,NOTSELECTED,PS
595,25-44,Male,Locals,Graduated,140000,NOTSELECTED,PS
596,45+,Male,Locals,Graduated,22000,NOTSELECTED,PS
597,18-24,Female,Locals,Graduated,79000,NOTSELECTED,PS
598,25-44,Female,Locals,Graduated,93000,NOTSELECTED,PS
599,45+,Female,Locals,Graduated,9300,NOTSELECTED,PS
600,18-24,Male,Locals,No Degree,110000,NOTSELECTED,PS
601,25-44,Male,Locals,No Degree,120000,NOTSELECTED,PS
602,45+,Male,Locals,No Degree,35000,NOTSELECTED,PS
603,18-24,Female,Locals,No Degree,100000,NOTSELECTED,PS
604,25-44,Female,Locals,No Degree,95000,NOTSELECTED,PS
605,45+,Female,Locals,No Degree,27000,NOTSELECTED,PS
606,18-24,Male,Locals,High School,56000,NOTSELECTED,PS
607,25-44,Male,Locals,High School,35000,NOTSELECTED,PS
608,45+,Male,Locals,High School,7600,NOTSELECTED,PS
609,18-24,Female,Locals,High School,63000,NOTSELECTED,PS
610,25-44,Female,Locals,High School,27000,NOTSELECTED,PS
611,45+,Female,Locals,High School,4100,NOTSELECTED,PS
